1000 1000
21 41 49 65 37 57 61 57 33 57 37 97 9 93 93 61 21 81 85 89 93 53 9 73 21 45 45 65 57 41 17 49 45 25 69 13 9 89 1 97 57 57 89 37 45 61 73 37 29 17 65 17 25 65 33 33 53 41 33 85 13 65 33 81 69 9 25 77 21 69 33 21 85 5 61 73 73 1 81 1 85 57 93 93 41 89 81 97 25 49 61 13 53 85 85 17 13 25 33 49 1 53 85 29 37 21 45 49 13 45 93 41 9 1 89 81 1 41 33 41 77 13 37 93 73 53 89 37 65 9 81 5 69 77 93 5 73 97 21 5 93 21 61 93 85 89 29 41 13 21 17 45 45 77 89 25 45 37 29 1 37 5 69 21 25 37 77 1 13 29 37 17 65 73 9 5 93 61 85 65 65 49 61 41 69 53 37 49 61 85 73 13 81 85 65 1 13 45 49 49 41 81 21 9 61 33 41 69 21 97 77 37 1 65 9 37 53 57 89 21 61 77 57 17 81 29 53 41 37 37 37 5 13 53 61 13 29 13 29 89 13 9 89 33 41 29 5 17 29 77 45 37 65 1 21 41 13 89 9 5 37 29 5 85 81 49 33 13 97 21 53 45 17 81 93 61 89 21 37 9 69 65 33 77 77 41 53 21 93 81 37 77 81 29 65 61 61 45 81 61 77 13 69 65 81 1 53 25 29 37 97 25 33 13 65 25 17 65 13 41 33 29 61 73 41 25 29 81 97 17 25 61 29 97 41 21 13 93 21 17 69 97 93 17 61 21 45 17 85 21 65 29 45 89 61 5 45 69 21 5 13 77 21 57 65 5 69 57 25 85 45 1 21 9 25 81 45 85 41 61 33 85 17 85 37 29 85 45 5 21 37 69 85 45 41 49 37 85 33 73 61 37 25 57 53 61 81 65 49 37 5 17 65 17 13 97 53 5 89 25 77 69 77 53 89 5 85 61 29 73 13 5 93 17 85 37 49 65 53 53 69 21 13 45 89 29 45 57 33 93 29 77 65 85 21 53 45 13 77 21 57 57 73 5 65 61 77 49 41 89 69 41 37 5 69 1 41 81 41 5 17 57 17 17 29 89 21 37 89 97 29 77 29 81 5 1 81 45 9 61 37 81 1 13 41 5 97 29 97 33 69 93 45 77 25 69 37 97 65 93 1 85 13 73 65 73 89 97 49 5 9 77 41 13 61 53 41 65 45 41 89 53 37 49 89 29 77 81 13 5 89 77 25 77 89 53 1 45 69 81 5 25 1 17 57 45 69 93 33 73 89 41 97 65 65 45 85 57 89 85 21 97 33 33 65 37 13 85 25 69 29 49 17 53 29 73 13 17 17 49 1 9 61 29 73 49 9 69 1 13 69 57 81 9 41 37 29 9 21 97 5 97 1 41 57 5 65 97 89 93 41 77 41 5 45 65 1 69 37 49 9 53 17 61 97 97 1 93 25 1 85 17 21 73 17 41 25 5 33 29 9 57 17 73 69 13 53 41 69 73 17 61 5 29 21 85 17 41 77 73 53 89 61 97 9 53 57 81 89 41 17 77 45 49 89 53 9 1 25 5 49 69 65 61 61 5 57 49 1 1 5 57 21 53 29 17 49 21 5 1 9 13 93 73 21 53 49 77 45 1 53 1 33 45 33 73 37 73 1 37 37 97 25 45 61 81 97 17 5 45 45 93 25 17 97 17 5 17 61 9 65 81 53 37 25 13 49 45 65 37 9 93 49 29 21 41 41 61 57 41 89 9 13 53 61 17 45 61 25 65 25 33 85 81 65 49 45 69 13 93 77 93 37 17 53 53 85 73 97 77 97 17 33 89 81 21 49 85 53 93 81 49 25 37 57 77 57 65 65 97 5 21 33 85 57 45 41 45 85 29 29 97 97 73 41 41 25 53 49 29 25 25 89 41 41 61 25 45 49 9 33 65 69 1 61 21 1 37 21 65 17 25 1 13 89 97 13 49 65 17 57 93 57 65 85 57 65 17 9 37 21 69 17 97 97 61 89 45 25 45 57 33 69 77 73 61 29 41 85 41 65 21 97 57 65 17 89 77 33 65 17 1 81 93 69 1 53 29 41 69 45 57 21 13 57 17 81 41 5 13 53 9 57 89 25 1 25 45 29 93 17 77 29 61 85 85 21 73 9 81 9 49 65 17 33 61 77 25 17 65 17 89 17 53 17 85 5 17 41 41 85 21 65 69 29 9 17 85 17 65 9 13 81 73 49 65 5 21 93 85 
1 73
665 601
665 873
393 257
289 57
89 497
193 457
1 865
1 121
161 825
41 257
321 609
993 417
865 545
217 585
65 721
737 945
177 409
561 721
265 137
577 33
577 577
801 793
9 313
905 449
201 833
857 121
185 329
241 1
817 329
65 849
209 369
513 993
713 449
137 81
905 785
545 593
345 921
17 817
513 145
289 521
393 241
657 401
129 809
513 57
545 441
865 713
41 129
689 537
953 393
577 257
25 241
657 17
697 425
1 505
673 105
89 945
625 425
865 705
689 217
577 137
433 865
569 545
225 65
17 137
953 601
889 633
313 545
713 65
169 137
665 921
65 105
809 225
569 489
201 97
145 641
833 857
97 353
289 697
145 217
985 945
249 625
625 409
977 953
825 449
153 537
345 705
169 745
97 937
433 665
497 81
953 569
425 369
777 577
281 401
385 761
161 953
241 465
33 169
193 89
857 353
105 425
897 713
17 817
993 249
385 233
369 849
417 625
393 321
9 233
257 73
585 617
105 745
833 593
777 609
921 489
865 161
977 729
721 17
713 497
553 929
153 177
65 705
153 585
649 465
593 737
289 545
953 241
153 209
817 993
473 145
433 57
721 553
249 425
681 673
481 561
761 49
393 57
841 145
553 393
113 513
153 305
857 625
585 537
809 193
545 81
425 369
73 273
249 145
689 257
585 753
113 769
737 41
521 737
609 961
321 361
1 545
945 105
337 977
649 945
713 953
601 57
489 561
137 897
729 881
505 353
537 745
289 409
241 705
689 993
505 81
601 889
601 641
553 457
153 649
225 313
177 465
25 385
41 785
129 521
225 873
257 337
57 113
57 121
569 73
65 969
849 305
761 273
641 841
217 649
449 697
273 65
745 481
25 377
345 681
433 185
793 729
905 449
313 409
785 177
185 609
593 793
145 249
633 617
481 425
377 449
529 297
729 793
905 49
601 545
17 409
641 593
265 929
33 593
297 873
249 729
393 313
761 417
121 545
505 137
153 905
769 193
73 873
305 633
905 881
113 889
793 41
889 601
41 681
289 993
185 145
33 401
361 777
265 657
521 281
233 225
425 649
521 401
753 801
601 801
241 585
553 497
593 801
201 65
153 489
817 769
849 425
9 153
169 561
961 641
209 481
729 905
801 369
753 113
297 401
185 713
697 177
769 953
561 729
337 721
281 697
585 857
937 129
81 129
521 265
361 233
441 193
705 745
57 33
217 305
913 713
705 57
241 633
609 921
561 945
65 769
993 9
425 361
449 889
809 337
201 577
345 545
321 681
761 225
1 785
529 233
865 553
225 233
537 225
377 33
105 921
641 993
873 193
801 729
513 609
889 729
793 721
577 657
473 489
633 361
281 257
657 49
305 161
481 385
857 297
945 409
761 337
993 281
233 857
233 9
705 185
737 369
449 689
33 625
241 545
545 809
481 321
777 289
737 57
393 193
337 385
177 257
49 601
465 993
729 729
801 505
393 297
673 657
929 137
401 577
489 889
89 401
321 209
417 857
849 569
89 441
849 665
697 873
113 361
305 129
913 721
417 313
353 201
265 65
89 785
937 721
137 281
641 713
489 225
33 41
553 249
641 689
409 809
689 89
481 945
609 337
977 57
489 977
593 137
561 577
697 825
57 361
353 425
889 921
481 801
113 385
713 129
737 113
297 17
569 81
497 641
825 129
649 673
185 745
937 793
649 49
81 473
409 225
129 113
529 545
225 201
505 225
377 257
537 617
297 393
913 489
497 977
137 961
425 801
897 209
57 841
665 641
377 713
33 361
809 585
105 849
921 457
321 793
945 161
649 953
297 441
993 473
833 33
41 169
441 337
417 265
617 273
489 729
729 233
897 377
89 657
769 697
569 265
729 601
681 889
793 945
785 521
241 25
849 1
217 721
601 777
865 825
801 721
49 753
41 281
961 841
321 937
321 1
777 321
529 161
353 65
137 57
57 873
849 817
897 393
249 233
945 849
17 89
513 841
977 433
993 569
753 41
969 905
537 841
553 817
681 905
889 337
617 161
313 625
41 953
497 873
441 553
785 481
553 721
537 761
825 961
433 817
89 489
329 961
905 177
977 817
609 225
513 57
257 873
913 209
161 89
713 809
297 745
929 897
337 241
17 337
417 401
49 705
121 585
873 361
929 137
825 345
129 665
985 473
553 409
65 553
465 377
961 65
913 177
865 857
737 921
681 465
825 865
625 273
521 697
833 401
313 793
953 89
817 65
361 537
385 329
473 985
681 585
417 841
353 153
409 553
409 665
209 961
897 297
921 505
657 41
753 425
121 321
649 377
881 785
753 657
105 537
649 969
49 81
441 433
761 961
353 873
345 257
673 521
625 153
129 873
401 857
41 33
681 713
33 497
793 609
753 785
681 41
201 161
265 153
273 473
97 353
857 673
225 721
289 89
353 425
81 25
505 713
945 705
441 425
505 633
577 153
241 697
625 857
617 89
953 577
281 217
489 625
545 809
321 353
969 897
57 257
313 865
529 65
713 665
825 457
57 313
857 209
753 905
353 873
577 545
961 153
881 665
225 153
289 97
409 521
337 153
641 985
193 65
489 993
1 329
665 249
825 449
257 209
641 81
105 153
705 681
241 945
617 505
521 577
185 57
657 41
73 49
169 97
329 769
393 369
529 649
113 185
313 897
217 97
745 577
561 737
361 289
497 969
505 169
353 449
641 873
121 857
681 697
465 449
729 913
113 425
129 137
225 121
257 273
985 945
529 89
305 633
137 489
601 929
561 473
665 433
929 497
129 473
209 481
153 873
841 537
985 377
121 449
537 785
873 329
793 985
665 801
513 865
465 737
817 425
449 881
481 857
465 713
993 241
865 345
913 441
249 73
673 633
409 657
129 481
833 841
977 633
161 545
89 953
849 49
273 145
953 873
641 961
993 497
129 417
345 113
225 801
1 225
961 265
593 17
929 753
193 161
329 505
497 897
665 801
153 145
753 969
337 913
625 633
633 601
9 169
393 985
457 9
689 897
905 793
49 201
705 785
201 537
465 497
49 985
705 681
425 641
241 633
265 513
193 353
201 833
969 729
473 681
49 953
473 249
81 937
577 793
409 273
281 177
441 673
241 393
161 545
41 153
313 65
345 633
81 289
825 609
737 449
41 537
353 609
249 185
401 961
433 361
897 577
689 761
897 977
385 641
825 113
777 497
809 881
737 617
505 609
897 873
273 9
33 641
201 313
945 833
1 273
585 793
577 441
425 97
937 353
513 441
929 577
185 553
161 225
993 321
697 657
145 361
697 809
673 353
969 817
865 761
9 17
297 449
33 145
881 593
633 193
345 681
761 945
385 433
897 993
81 353
25 817
905 857
289 409
609 193
513 313
545 225
417 177
545 649
889 545
465 129
9 25
553 273
577 961
1 217
409 145
625 705
705 481
81 761
857 657
833 425
729 897
929 889
209 649
129 289
353 265
745 841
889 57
225 1
249 641
457 513
977 689
897 881
537 145
609 49
241 465
873 97
97 705
193 481
641 529
433 249
545 745
25 337
425 857
273 505
993 777
849 233
617 337
993 769
657 953
697 897
633 361
257 801
705 153
185 393
553 633
561 25
825 761
585 585
129 385
961 873
473 833
945 121
801 609
65 905
785 449
329 201
201 497
49 785
17 257
553 17
713 401
777 97
233 161
777 161
609 561
209 73
657 721
81 113
65 97
745 9
81 521
417 737
929 89
489 705
681 81
321 241
225 361
721 585
457 705
777 761
401 921
985 89
1 881
457 153
673 473
721 513
721 129
81 641
201 105
641 777
785 257
545 825
713 273
425 273
857 57
409 25
201 537
745 657
625 809
585 713
417 505
801 873
593 145
473 841
329 873
625 257
897 25
681 321
433 777
473 945
873 25
729 617
233 57
337 793
545 57
9 761
681 385
145 417
321 977
121 545
553 977
105 617
897 601
129 217
273 577
969 49
529 617
697 905
921 265
817 257
209 633
609 201
449 457
401 561
889 505
417 281
569 625
145 377
209 441
225 665
705 401
369 801
889 689
73 321
9 193
41 305
81 249
105 73
193 897
369 65
777 289
193 345
9 281
881 17
801 809
865 353
473 65
553 673
961 105
929 265
9 377
409 193
465 681
785 9
121 801
169 649
121 729
953 105
297 201
745 185
553 673
257 329
545 113
449 825
897 729
561 193
793 25
377 201
385 793
505 9
897 985
609 569
129 793
361 457
985 769
321 985
457 649
945 713
585 705
641 353
97 769
409 273
289 121
753 761
1 177
257 137
417 129
49 505
153 393
97 25
185 417
241 73
17 49
505 817
417 137
833 313
673 945
817 97
97 457
1 777
193 513
73 697
265 33
897 81
497 17
833 905
769 977
97 577
81 705
121 121
689 849
145 337
881 513
297 329
233 361
937 577
513 441
721 481
193 121
25 241
433 561
785 25
113 697
97 817
241 745
609 777
953 713
753 873
649 201
961 289
217 377
793 201
225 513
465 585
49 545
385 609
289 689
801 209
777 289
433 993
569 513
