1000 1000
5 45 69 37 45 41 45 65 5 73 9 97 65 73 5 73 5 17 29 41 97 9 17 17 37 73 41 65 29 69 41 61 45 69 1 65 65 25 85 57 61 45 65 21 45 69 57 85 41 77 73 85 61 45 49 65 45 9 13 61 57 33 41 17 57 17 65 29 61 93 13 37 69 81 41 97 77 29 37 85 81 1 1 1 97 57 49 13 5 1 81 33 93 97 1 69 41 9 29 45 97 61 89 17 29 1 5 5 25 77 29 65 17 89 57 41 29 69 17 41 65 61 61 41 37 1 89 85 89 33 49 73 53 17 41 13 73 77 33 25 73 37 13 73 41 97 77 77 61 69 45 89 73 17 33 21 9 25 69 17 57 77 33 85 21 49 97 21 89 93 97 81 1 69 77 5 5 93 9 41 37 9 97 17 97 77 85 85 33 73 45 17 57 89 9 81 5 13 57 1 65 49 45 69 49 97 37 89 89 93 93 45 49 77 13 77 5 37 69 85 85 85 93 53 69 93 57 49 13 21 61 33 77 97 25 29 97 73 93 77 69 1 85 73 29 53 25 17 53 69 49 9 17 33 53 21 65 29 13 41 41 65 45 89 41 41 21 1 97 17 65 77 77 1 93 89 29 25 77 69 37 1 81 89 57 53 41 77 49 21 29 21 53 53 89 69 17 21 89 45 85 89 89 81 17 85 21 21 37 5 49 89 5 33 1 1 9 49 69 93 45 45 13 93 69 73 5 21 13 73 53 45 9 73 29 17 45 37 81 77 29 9 21 61 69 93 1 21 29 25 61 37 9 85 61 1 81 37 5 57 17 9 73 41 61 17 61 97 13 17 77 77 13 85 77 57 37 17 33 37 81 77 1 1 65 13 49 97 57 21 77 81 17 93 49 37 77 5 21 21 41 41 69 1 21 45 1 41 41 21 89 45 73 9 89 33 21 49 13 37 45 9 81 49 61 65 45 17 1 25 57 85 37 1 97 85 85 33 89 33 81 77 29 81 57 85 9 77 85 29 37 89 9 13 1 45 29 53 5 69 61 85 45 5 73 5 57 29 25 29 97 45 81 69 85 17 97 69 5 89 61 1 97 97 21 5 5 41 57 33 25 21 93 1 5 57 17 49 33 9 69 73 21 9 25 97 85 69 69 93 1 25 13 33 85 1 25 29 89 69 49 29 93 77 81 21 21 41 29 37 93 45 53 5 97 57 29 9 5 33 29 81 9 97 1 9 9 25 53 93 53 49 29 17 45 13 49 21 81 13 29 25 93 61 97 37 61 33 1 37 81 65 9 1 1 73 41 57 41 33 13 37 1 25 89 17 73 49 5 17 17 17 73 85 77 21 25 41 85 13 13 61 93 45 85 41 21 45 17 57 29 25 85 33 13 69 13 33 89 77 29 13 53 61 5 77 37 1 49 53 77 29 65 9 81 81 49 29 85 61 41 73 9 13 65 57 25 73 81 85 57 61 13 21 57 5 65 97 25 13 85 45 49 1 45 29 33 25 29 57 5 97 49 81 45 81 29 41 89 85 1 45 25 73 5 45 29 33 21 69 73 41 93 21 85 41 81 77 97 5 9 17 9 81 73 41 45 81 29 53 21 81 5 29 1 65 45 61 9 89 5 57 33 53 17 17 37 21 17 33 1 89 41 29 13 5 73 97 73 53 25 65 41 61 97 73 73 53 69 9 5 9 41 13 53 45 77 33 57 65 33 85 61 17 93 81 81 45 9 41 49 29 29 45 37 45 61 57 17 65 13 25 33 13 49 5 21 61 65 69 73 25 37 45 49 37 13 29 9 69 61 45 9 61 93 89 5 77 21 81 97 77 65 45 97 17 9 13 21 21 29 25 9 45 29 29 53 5 53 93 97 5 9 65 77 97 81 1 37 97 57 25 97 89 21 73 57 61 29 65 53 45 53 29 69 85 33 49 17 53 25 89 45 5 93 5 29 33 1 69 5 33 17 85 49 25 53 77 65 37 85 9 1 97 1 85 45 37 45 21 37 49 1 5 61 9 45 21 93 73 41 33 73 69 65 73 81 5 49 93 45 1 5 41 41 53 53 49 49 49 49 17 25 41 9 17 53 49 33 81 25 25 1 17 81 9 69 85 33 29 5 13 21 65 85 73 65 57 25 17 85 57 89 57 57 9 21 17 1 13 45 73 57 37 57 81 5 25 25 29 65 1 33 9 29 61 13 93 89 93 53 53 61 89 9 41 81 49 13 77 85 13 1 93 45 97 29 21 57 73 
265 321
369 697
9 385
281 697
345 137
457 673
713 913
297 393
817 377
961 577
185 49
457 89
161 313
41 401
761 585
897 153
233 105
353 857
209 657
73 297
753 801
249 441
857 729
857 865
617 193
249 273
113 265
937 905
473 161
537 585
425 769
1 73
89 657
577 609
505 129
577 33
625 681
609 697
209 865
1 57
193 945
529 113
241 641
569 721
649 177
761 881
105 105
985 209
577 953
177 785
825 753
993 585
785 377
657 633
425 505
553 801
305 857
921 1
449 209
65 265
9 697
705 489
921 561
929 481
209 953
465 785
825 65
841 897
633 353
745 129
361 633
361 49
433 977
457 793
977 337
857 65
609 777
657 697
865 881
513 953
33 593
217 89
569 241
193 785
657 697
673 313
169 185
897 697
337 913
537 929
601 809
769 729
969 441
953 49
721 489
169 257
393 865
729 697
377 505
25 433
393 561
841 673
369 809
593 449
865 273
305 33
593 121
113 321
337 1
633 737
209 753
857 57
961 49
361 561
273 585
161 297
289 425
697 449
417 593
729 169
337 521
145 321
561 745
529 281
537 705
145 945
713 289
289 689
385 929
217 857
649 969
449 801
953 865
625 425
793 345
785 793
201 353
17 593
209 569
713 489
441 593
681 105
153 385
369 465
937 577
113 945
89 73
233 409
793 585
585 617
217 305
793 1
209 625
49 769
641 449
713 457
345 529
33 937
577 177
433 321
57 569
329 137
881 369
409 617
913 81
9 753
473 305
281 737
305 185
617 889
393 65
577 65
617 9
809 985
865 385
961 505
449 897
961 969
913 401
897 993
89 313
505 785
537 977
265 513
305 513
65 345
1 665
673 769
49 225
81 873
201 761
401 369
89 657
273 457
201 97
881 209
321 169
721 385
689 537
681 513
353 953
281 249
665 913
353 225
777 761
841 81
129 713
921 529
473 801
345 673
361 689
793 505
585 529
545 873
681 945
593 425
465 369
793 169
121 889
673 289
153 193
41 577
265 25
377 977
481 449
385 409
377 361
161 489
905 305
673 393
921 41
689 441
209 25
105 857
297 73
497 457
977 201
849 681
113 553
985 801
969 73
985 849
865 969
937 577
265 705
577 209
953 337
81 249
505 881
857 81
825 633
697 297
969 153
841 897
657 937
353 65
17 881
809 553
537 385
865 217
417 857
593 169
385 65
673 921
585 353
729 705
937 481
721 473
361 241
761 721
833 825
513 969
745 841
25 9
873 257
73 633
305 593
281 73
65 425
49 281
33 593
49 969
761 665
545 561
537 97
65 193
289 481
985 409
297 81
177 185
985 481
353 513
985 65
97 185
625 673
633 41
577 241
481 209
25 121
9 529
689 769
249 217
161 177
513 529
225 489
249 577
385 225
49 513
729 729
769 369
809 633
865 265
633 433
761 905
689 393
969 129
337 745
281 545
353 497
497 297
401 985
233 393
913 473
537 497
489 361
737 65
857 713
873 201
129 937
601 465
913 633
777 801
41 929
769 977
473 169
1 729
513 145
865 897
617 417
377 233
841 969
953 145
769 297
913 857
145 641
657 713
89 945
937 769
577 729
201 777
457 801
9 969
865 681
545 305
961 201
649 185
529 321
369 817
153 417
33 721
105 641
753 657
105 873
545 313
705 545
633 417
345 745
825 1
505 193
825 993
529 41
137 297
793 449
409 65
209 545
433 505
921 617
657 361
17 73
793 297
273 833
729 569
497 465
49 481
769 377
257 945
89 129
369 209
153 209
481 297
905 337
673 1
449 409
177 9
17 713
193 241
65 953
361 345
153 169
737 993
9 225
337 609
377 641
137 465
233 321
521 545
473 417
873 633
33 897
129 137
953 137
977 313
57 857
409 449
977 73
969 137
817 993
833 81
65 393
889 945
321 201
817 217
313 297
537 129
257 441
201 937
385 305
409 609
641 785
561 673
937 513
545 737
513 225
289 705
953 721
865 369
777 657
993 417
657 801
1 153
65 177
657 417
761 17
305 201
585 481
977 729
193 929
761 929
689 569
57 457
81 225
457 89
785 193
977 497
169 553
353 441
241 89
297 241
433 953
673 593
345 145
393 545
377 809
705 881
993 425
489 89
577 929
657 65
369 777
377 329
745 337
273 193
457 1
73 489
817 9
209 625
889 505
81 705
185 617
313 97
385 529
753 713
313 529
905 889
273 833
937 377
545 569
297 385
497 385
897 529
561 849
737 217
873 321
529 745
977 465
489 921
409 505
121 321
81 665
537 889
993 585
145 881
129 849
857 561
129 225
833 321
513 457
337 273
393 881
521 121
713 441
321 929
225 409
873 65
249 297
209 937
1 81
425 481
193 321
433 1
737 385
9 833
289 529
545 953
665 929
425 841
353 577
121 105
569 657
161 609
977 985
73 833
289 233
81 657
625 441
569 553
753 929
601 201
865 665
657 41
89 905
713 201
521 985
329 433
737 633
713 281
361 73
665 649
401 49
353 585
953 913
1 969
289 753
721 337
417 313
193 233
417 217
393 385
673 89
641 97
129 969
729 681
865 49
585 529
585 193
657 153
729 177
217 977
913 441
297 273
929 569
857 849
505 697
753 393
33 321
841 129
305 73
585 977
545 449
121 785
817 297
449 777
977 25
897 97
401 209
617 33
705 673
985 57
105 33
953 585
953 561
273 81
497 969
633 113
361 745
817 865
649 217
361 585
385 457
681 361
449 369
121 57
353 641
33 593
505 785
161 161
689 33
937 625
929 985
657 857
505 33
705 425
617 105
561 65
41 121
297 1
865 121
849 737
249 697
81 625
721 433
417 289
193 641
521 553
265 937
57 97
129 809
849 449
169 377
25 921
961 873
601 281
713 337
57 289
897 585
233 193
873 289
633 881
785 425
777 609
225 305
305 137
561 49
265 497
145 737
777 9
961 49
265 81
929 841
233 977
169 25
489 705
641 457
369 769
513 17
377 929
9 169
977 41
321 785
425 65
489 993
841 41
465 233
193 33
777 425
641 257
105 641
65 313
281 441
753 977
297 81
249 857
129 929
761 817
993 809
161 17
1 769
481 681
617 745
273 425
921 169
457 401
369 641
601 961
329 865
521 745
849 569
281 769
217 281
345 305
65 9
161 217
761 497
641 777
865 257
225 361
225 489
393 569
137 913
705 105
577 321
321 401
881 305
281 889
321 257
105 985
953 73
73 41
233 297
801 1
889 353
985 433
321 857
569 41
737 121
193 929
929 161
633 321
345 393
121 361
633 937
73 233
745 1
97 129
225 449
849 777
505 689
385 689
497 609
977 281
73 769
121 297
265 665
985 641
449 681
889 777
33 377
33 705
953 745
465 521
337 1
249 81
953 105
513 425
689 409
489 41
9 913
825 337
561 873
841 681
873 665
569 97
681 985
409 81
25 161
489 969
441 153
233 409
649 417
609 697
513 345
145 361
9 553
833 449
297 321
609 945
657 345
937 449
353 801
329 129
377 353
81 217
761 273
249 145
561 617
281 337
505 473
97 833
601 129
569 529
473 441
137 993
681 945
385 561
937 321
329 297
121 969
905 25
241 657
113 257
241 313
649 809
945 73
433 801
553 329
273 985
241 457
713 441
185 921
673 505
641 377
585 257
801 737
217 145
705 161
849 833
489 57
1 185
865 185
121 561
953 153
585 425
961 289
129 617
473 777
9 785
889 793
553 969
265 929
601 401
121 601
425 449
713 905
441 937
145 417
361 337
633 377
793 193
281 553
225 441
153 737
729 705
385 449
753 409
721 593
257 593
745 161
577 433
489 633
265 673
713 729
633 961
649 689
881 369
465 89
209 185
433 593
793 945
217 129
521 841
505 689
449 553
681 441
257 169
713 129
265 41
417 689
825 257
561 425
889 305
585 9
497 305
9 185
353 521
585 441
297 481
601 593
193 513
17 913
713 353
97 449
721 289
913 177
361 105
257 361
849 385
977 369
281 481
857 633
945 481
241 281
889 705
609 353
465 713
649 609
777 313
969 873
65 265
881 281
345 401
497 921
81 369
209 905
561 177
577 401
473 9
985 585
425 433
705 433
369 665
97 617
449 921
769 121
561 97
409 777
481 265
833 337
497 649
641 105
809 545
169 993
457 865
1 809
929 473
89 569
161 809
561 361
841 337
129 585
457 737
441 737
457 593
689 593
401 457
849 513
601 521
897 433
209 241
457 609
473 457
137 849
185 129
353 321
233 673
281 9
193 985
65 729
257 513
113 177
921 953
153 649
457 329
897 849
769 601
329 897
361 769
713 905
385 473
41 601
553 33
521 513
873 33
721 385
209 801
193 889
769 313
329 617
177 313
265 185
25 377
681 617
585 809
921 873
321 65
833 177
193 1
617 65
281 553
825 257
457 353
513 945
489 937
425 681
561 937
697 297
1 801
625 105
329 569
993 841
113 761
793 481
361 985
361 937
569 913
585 833
441 249
425 705
345 305
345 209
113 17
953 113
337 785
657 865
225 153
465 609
137 257
265 873
137 913
81 353
337 689
