1000 1000
89 9 69 53 37 1 85 93 57 93 81 1 45 77 73 17 25 25 17 33 49 1 5 45 37 85 85 37 97 25 97 65 17 53 33 5 81 33 45 97 17 69 69 61 33 1 17 45 25 77 57 93 61 77 65 89 73 33 13 37 45 41 9 93 5 41 45 1 13 33 53 17 41 81 9 49 97 41 49 49 69 25 25 9 29 85 77 49 5 61 93 45 57 5 93 37 97 53 21 65 61 37 53 21 61 25 13 53 61 69 61 93 37 93 57 93 9 33 33 73 45 61 13 57 33 89 41 17 33 37 53 37 61 61 49 5 33 53 77 13 93 77 41 73 61 77 73 41 53 77 93 81 29 81 73 25 9 37 33 5 77 25 17 73 89 1 53 9 37 49 73 57 37 5 37 89 65 57 77 49 57 17 45 93 81 5 57 85 65 41 93 1 45 57 5 93 65 65 69 5 13 21 65 69 69 61 73 9 61 21 49 17 97 1 45 69 53 41 69 97 49 65 37 77 49 89 29 93 13 1 69 37 53 77 57 13 13 5 97 9 57 5 57 41 13 49 81 37 53 21 85 73 89 97 81 73 57 45 45 65 33 41 57 49 81 53 77 13 69 73 57 33 17 13 49 33 25 33 5 25 45 49 77 41 85 93 5 1 25 77 93 41 25 89 69 61 69 5 97 37 1 81 37 57 61 81 25 25 97 29 5 73 85 45 21 85 13 89 29 9 73 93 25 49 73 1 5 89 21 29 33 17 25 53 53 29 97 61 61 41 25 65 33 81 17 33 81 73 49 65 29 49 1 73 13 73 65 5 69 57 93 73 61 69 93 93 81 9 29 81 53 49 81 9 69 25 77 29 1 1 85 17 89 5 9 13 13 9 61 77 61 57 33 85 1 53 25 17 33 9 13 53 77 77 17 73 1 49 25 77 77 41 49 49 17 5 85 45 57 41 97 69 77 17 49 37 17 57 93 21 57 65 1 89 65 1 21 21 5 65 17 13 17 57 13 41 89 69 5 97 65 9 77 13 17 69 1 1 97 89 65 5 25 29 65 61 53 89 21 85 97 57 21 5 13 29 17 57 17 33 73 49 37 41 25 53 45 49 13 73 73 73 25 89 49 69 1 33 37 93 89 13 93 45 77 49 41 65 49 1 9 97 77 53 85 45 25 73 21 61 25 45 25 25 25 65 37 25 97 5 53 81 33 37 33 49 69 97 21 17 65 57 5 61 73 49 77 85 45 77 5 77 45 37 21 41 97 9 29 93 1 97 61 17 5 25 97 33 77 5 61 61 29 17 13 33 97 77 61 49 89 5 29 13 25 65 5 5 41 69 29 53 13 61 29 73 33 93 29 57 77 49 81 25 49 29 37 85 13 65 97 73 33 13 13 45 49 69 5 25 37 9 13 13 93 9 45 45 45 69 69 89 25 37 85 25 73 69 45 33 45 9 61 49 33 37 53 25 61 61 69 57 29 1 45 21 25 81 45 25 85 61 25 25 77 73 89 97 53 37 13 57 73 97 17 49 49 49 73 9 57 33 53 81 13 33 33 93 49 81 77 45 29 13 73 77 73 17 33 89 17 9 73 77 29 13 73 45 49 45 25 17 89 49 69 25 53 33 41 53 97 73 81 61 1 61 81 85 81 61 29 85 69 65 25 81 41 33 21 13 5 93 69 45 5 29 73 45 53 41 37 85 25 49 69 85 97 9 21 93 89 29 45 37 49 41 37 61 97 61 37 93 97 33 21 85 73 29 5 73 97 13 25 53 45 29 77 45 49 9 1 13 85 65 65 65 77 45 9 77 69 1 5 41 89 25 37 9 53 89 93 69 65 13 33 17 29 25 45 61 1 25 53 33 1 9 13 1 41 29 5 93 89 17 1 33 69 41 33 49 97 49 69 9 89 49 93 77 33 49 9 29 5 97 45 5 33 73 41 97 69 57 57 9 45 29 45 97 45 25 97 13 13 49 57 89 5 41 1 5 81 69 13 13 49 9 9 53 73 49 5 93 73 41 57 97 85 21 41 53 93 1 77 73 97 45 57 29 53 57 21 1 77 57 81 17 69 93 49 41 93 33 89 53 61 33 33 97 81 77 41 97 1 9 85 45 5 65 89 61 13 37 9 77 21 69 61 5 65 93 93 29 29 81 49 17 21 1 85 21 25 1 77 25 57 25 73 9 85 29 21 45 81 73 97 45 73 93 9 57 85 65 5 49 73 73 61 21 13 53 33 81 73 33 65 73 33 81 89 17 
417 841
953 801
761 449
417 977
281 241
577 1
801 49
9 217
793 241
953 681
617 137
25 409
633 529
769 609
545 697
289 473
769 1
817 297
449 625
81 801
913 937
849 425
113 721
545 89
809 705
145 649
521 369
641 361
297 593
865 617
633 433
185 673
657 745
817 889
457 185
889 633
825 449
785 289
193 529
801 249
521 129
465 289
777 25
585 553
513 793
993 393
505 593
697 769
17 121
489 305
921 817
569 289
321 33
545 681
937 785
321 825
497 433
217 169
881 225
449 769
25 577
641 545
233 745
689 897
601 161
489 425
121 113
209 297
297 265
145 369
689 73
321 769
489 697
537 481
425 833
961 465
577 409
785 833
1 985
665 537
33 753
593 881
177 641
713 673
273 145
49 105
673 713
457 449
753 889
73 57
465 657
185 329
345 193
881 705
737 993
857 193
497 377
225 641
929 441
873 905
273 297
977 961
89 337
777 545
65 433
665 345
449 905
729 241
625 977
713 985
249 153
409 473
705 841
337 169
353 193
433 545
977 601
41 417
785 649
881 153
537 817
505 17
353 729
193 961
881 705
849 681
785 721
497 81
425 569
593 209
209 857
297 641
393 665
497 809
113 993
57 89
337 977
369 889
889 857
953 633
265 881
105 817
441 465
465 121
329 585
417 313
33 993
105 177
521 121
57 217
9 57
441 345
729 745
457 57
313 721
785 273
265 561
689 697
361 57
65 65
977 65
313 657
905 969
809 569
761 513
89 873
25 401
665 937
737 577
81 601
1 161
905 497
889 593
529 81
25 609
49 577
25 209
345 329
817 969
353 697
841 929
481 289
145 953
233 113
121 289
849 585
361 825
665 585
249 849
433 169
569 9
137 561
889 705
721 297
345 705
993 577
313 729
369 425
73 257
785 897
825 745
145 385
225 601
649 353
977 329
505 617
201 17
425 217
553 273
113 81
929 473
17 249
297 745
249 993
761 865
401 969
761 809
753 201
793 953
153 273
633 785
497 593
737 905
273 9
225 881
305 953
473 969
113 729
265 153
129 489
465 793
857 609
137 329
465 969
985 817
697 57
281 393
409 713
9 609
81 737
337 361
569 161
505 537
681 657
657 897
809 353
953 641
641 233
145 985
665 17
457 833
881 849
937 993
105 577
161 385
281 761
953 601
697 705
913 921
817 145
209 609
9 809
745 409
769 185
721 73
89 353
153 25
705 961
753 105
529 105
49 753
577 913
537 545
305 265
361 577
57 497
113 937
697 897
97 977
33 545
617 281
889 633
521 145
705 793
897 281
441 153
569 609
849 385
137 257
257 441
249 297
137 657
129 601
369 41
881 161
89 689
753 593
513 761
321 97
585 857
913 129
833 777
433 561
937 905
769 601
169 281
865 689
897 529
537 897
233 945
81 953
737 761
673 209
753 393
729 785
257 89
97 249
537 201
497 89
89 401
513 625
681 113
873 129
17 385
721 185
617 593
593 153
577 505
217 161
721 1
529 521
297 497
641 257
145 337
225 977
953 497
537 769
753 777
241 929
745 729
353 153
545 393
385 969
537 393
489 465
857 369
417 793
89 513
337 137
769 713
265 281
257 313
841 265
625 905
193 449
361 561
33 505
585 993
913 913
161 297
417 265
681 697
201 897
753 273
865 257
305 73
937 409
249 441
921 297
201 705
857 689
353 753
97 273
657 193
1 705
425 825
729 561
529 33
497 769
673 281
369 73
169 569
577 233
529 305
97 249
129 833
841 121
945 969
297 913
441 177
25 73
537 513
977 545
737 449
673 649
377 1
257 641
601 249
65 801
889 457
321 785
745 633
297 89
329 577
425 673
633 177
433 321
481 569
273 729
945 89
137 521
961 1
761 169
153 569
57 801
761 281
937 801
41 489
521 49
969 777
257 785
617 41
561 225
105 921
961 185
257 817
305 545
849 409
145 353
537 961
57 329
921 1
985 817
593 577
929 161
297 497
273 649
793 961
713 433
633 545
81 945
793 481
81 881
17 825
201 385
713 17
577 993
233 129
265 801
929 417
969 393
313 769
513 945
153 689
809 705
153 737
593 593
657 441
905 969
297 145
241 841
633 241
41 1
945 553
313 425
505 745
209 553
225 721
305 785
737 249
177 505
193 561
329 505
313 809
897 657
497 529
617 129
433 649
353 241
801 817
81 641
153 209
657 657
841 113
145 129
73 481
465 105
953 321
345 785
769 73
425 729
993 537
537 809
497 841
897 33
881 705
89 361
97 681
337 65
377 905
921 841
849 185
921 785
561 409
153 25
129 417
801 849
1 865
401 297
73 73
793 81
105 297
17 457
345 945
513 337
73 825
49 97
593 929
881 697
457 425
433 505
409 825
545 209
769 633
809 73
953 369
985 857
561 337
177 889
961 193
1 945
17 729
209 1
129 537
153 569
113 961
257 865
249 905
489 161
417 137
417 1
985 785
153 9
769 705
769 577
761 745
817 1
633 73
841 353
265 881
625 369
105 49
929 601
841 81
49 49
665 929
449 505
201 113
225 161
97 41
129 297
409 865
401 393
9 81
913 833
897 921
329 937
545 177
841 937
297 153
745 529
745 737
185 201
625 497
737 137
73 993
545 713
265 625
729 513
105 641
185 953
369 489
881 225
249 705
985 817
217 849
977 697
745 73
1 793
233 273
705 377
897 465
809 249
569 993
225 761
721 873
649 649
49 337
529 353
169 593
17 473
449 697
865 425
769 33
737 305
945 9
865 921
105 65
233 321
281 345
257 241
521 929
161 441
929 305
513 321
993 225
609 769
465 217
625 25
217 561
561 65
785 369
513 489
137 769
233 97
585 337
441 209
313 529
929 145
609 105
745 65
913 697
809 153
689 9
233 249
25 481
297 145
977 161
305 705
105 809
977 641
81 113
833 881
297 425
665 601
921 305
577 697
625 529
17 497
969 425
161 121
41 273
801 113
145 241
673 569
753 929
801 105
153 529
737 857
985 961
137 673
577 753
481 201
561 537
265 401
665 561
777 177
401 321
25 193
329 449
785 217
969 961
369 833
513 689
233 337
161 657
145 913
73 681
1 73
185 913
449 721
929 329
945 89
193 769
217 769
689 177
633 129
265 273
233 25
17 753
545 801
65 993
81 761
233 601
65 177
105 201
585 937
65 297
881 569
897 369
81 881
737 57
9 297
1 169
977 905
849 385
81 833
593 345
833 857
193 305
673 657
89 657
721 313
161 337
481 145
905 633
185 721
937 209
121 777
801 281
521 889
873 409
89 561
161 665
249 761
449 777
473 993
89 793
241 249
361 345
713 577
1 505
561 81
41 441
193 673
393 641
433 249
809 793
193 681
561 593
9 217
9 241
561 569
713 593
241 761
161 433
793 97
881 593
865 137
625 665
353 25
345 713
385 217
697 385
801 65
25 105
281 601
673 769
633 321
513 873
961 657
177 161
185 921
777 609
985 393
977 249
977 753
793 961
841 577
793 521
793 633
945 545
137 241
393 657
977 617
841 641
993 169
681 729
321 329
521 529
265 537
745 577
521 945
201 113
393 441
249 417
433 665
497 689
433 129
609 409
449 33
385 377
497 985
289 833
761 881
713 625
321 289
857 745
153 865
817 465
257 641
161 801
929 65
777 9
497 409
473 449
489 985
441 393
217 89
449 145
257 545
697 537
249 921
265 465
545 353
817 641
689 209
913 121
993 161
265 9
809 313
769 777
913 569
873 433
937 617
489 449
289 289
977 305
753 433
841 537
785 185
345 673
529 89
841 305
289 201
705 65
153 905
593 953
385 649
873 537
897 497
921 385
641 129
769 833
657 145
177 169
745 785
857 313
313 657
977 233
193 433
641 577
433 233
561 577
873 265
649 345
865 145
145 337
473 953
289 721
417 401
281 657
369 273
401 321
673 609
961 729
225 817
57 945
721 937
945 65
297 265
105 969
105 241
721 841
193 889
185 577
713 105
217 977
977 289
73 649
873 369
889 769
41 49
609 577
177 985
665 321
81 969
49 305
473 953
753 713
753 873
249 729
729 985
169 49
137 473
329 361
1 745
217 113
657 137
585 305
561 497
169 593
705 337
793 601
225 833
705 217
121 145
305 49
65 825
609 153
561 937
465 601
409 609
345 169
289 425
9 561
361 185
785 345
385 737
385 657
409 865
385 537
1 753
745 233
593 233
857 745
777 537
49 929
105 289
265 25
233 665
217 609
825 321
329 961
881 585
673 505
497 353
433 137
617 961
401 281
873 609
89 793
353 777
849 393
65 897
257 217
137 889
1 249
961 33
137 801
137 825
713 17
697 329
665 329
65 529
777 921
593 337
569 353
865 217
905 681
257 913
145 265
449 961
769 409
641 169
897 977
241 449
697 657
441 377
489 241
785 129
305 217
809 969
713 929
609 409
57 337
577 433
513 777
337 793
489 617
129 609
953 49
585 457
985 729
153 809
833 217
537 841
729 265
465 641
425 369
553 137
689 649
449 345
937 233
145 169
273 337
625 481
65 897
817 185
369 361
