1000 1000
33 53 85 9 57 97 49 25 65 81 81 97 9 57 89 85 89 33 17 5 77 97 33 13 69 77 1 13 29 13 73 5 17 25 17 77 5 13 97 77 93 29 29 17 77 85 37 9 85 37 9 1 37 73 77 61 61 17 21 89 89 25 21 93 21 41 57 13 93 61 53 49 73 33 41 13 25 53 1 29 97 77 61 21 1 9 5 33 85 81 97 93 97 13 77 25 49 69 57 57 41 81 65 37 49 9 97 33 13 41 13 89 49 37 41 5 93 85 81 13 85 57 61 57 5 17 49 53 13 45 93 33 13 57 37 13 49 41 33 1 77 77 65 9 25 73 29 37 21 97 65 69 25 29 85 81 49 25 97 1 13 45 1 73 65 29 97 65 13 17 77 89 85 77 5 93 21 17 45 45 77 33 33 73 41 53 53 89 73 81 9 81 93 49 1 57 89 97 57 93 5 97 45 73 37 13 45 17 85 97 53 13 69 93 25 9 61 89 49 97 13 13 93 77 49 37 9 37 41 1 1 37 93 73 45 49 61 41 9 9 41 41 17 17 53 33 37 13 89 1 5 93 81 41 57 49 93 25 33 21 9 77 85 13 73 13 41 85 57 37 93 65 37 89 49 97 1 37 21 25 89 85 85 53 73 29 49 9 85 5 65 77 49 81 5 57 73 13 93 69 17 29 69 41 25 81 61 25 97 29 17 65 53 13 5 77 69 73 97 37 93 29 25 9 49 17 5 9 61 81 45 17 9 1 81 53 25 57 85 61 13 29 97 97 13 25 41 97 29 45 29 73 53 93 61 41 53 49 61 93 29 57 1 81 17 21 13 45 13 61 41 97 1 37 81 1 65 93 93 45 97 37 17 49 93 61 37 61 25 17 89 77 69 81 57 97 77 13 21 93 9 77 45 17 93 9 25 65 29 29 17 9 33 73 9 93 49 33 9 21 37 25 89 65 13 69 29 69 41 81 13 93 89 25 29 37 41 57 89 53 73 17 93 1 41 13 93 1 77 45 33 65 13 57 57 85 77 69 97 61 37 25 53 81 1 21 93 33 9 9 81 81 81 5 61 37 13 81 25 17 77 5 9 97 97 49 37 33 29 37 89 37 81 25 29 37 57 29 17 5 45 45 81 33 81 17 45 57 89 85 9 93 9 85 37 21 5 33 77 57 49 29 97 77 5 45 25 61 65 73 49 21 81 73 69 13 57 77 69 25 89 89 53 33 97 1 73 29 45 17 33 13 33 65 5 1 85 77 73 53 1 49 17 9 57 41 77 97 1 77 73 41 53 37 5 77 37 65 89 85 5 33 37 37 97 45 81 17 53 93 73 29 9 29 77 85 9 25 37 13 37 49 89 97 97 65 25 81 81 37 25 1 49 97 25 73 65 1 25 33 49 21 37 89 25 45 13 73 73 57 57 61 41 93 13 73 21 57 73 49 57 29 73 25 33 17 41 45 49 1 85 77 1 9 81 5 61 5 65 41 9 13 85 85 41 77 21 53 45 89 21 57 21 5 17 69 53 81 69 25 77 17 5 81 17 21 97 57 17 21 89 1 29 1 77 81 17 77 57 9 37 89 13 29 57 89 97 65 65 37 73 89 57 89 21 29 89 81 17 9 65 5 9 53 89 1 61 17 49 1 81 85 73 37 5 33 53 53 77 81 93 13 49 1 41 65 93 45 85 57 13 73 9 73 65 57 25 93 73 37 25 29 45 5 21 93 21 17 97 25 13 73 21 93 5 25 45 21 65 5 33 77 65 29 17 9 93 37 29 97 61 41 21 45 29 65 61 17 25 73 73 45 17 65 9 45 89 81 49 45 45 13 97 57 93 9 57 73 85 13 37 97 41 93 85 1 1 17 53 45 61 65 29 17 93 5 41 97 89 93 29 21 65 41 73 93 61 21 93 21 85 61 65 61 5 9 61 81 85 49 9 1 77 81 49 89 65 1 41 89 37 33 1 9 45 53 85 69 33 21 97 49 5 25 53 41 21 53 65 85 97 65 89 69 61 41 17 73 21 25 49 17 33 49 37 65 61 5 61 61 21 37 25 53 69 5 85 9 25 61 69 1 9 73 69 9 9 85 77 85 37 13 29 65 21 73 53 57 81 17 29 89 73 13 45 73 1 69 57 89 1 49 81 29 21 9 37 9 89 25 41 13 9 93 85 69 49 69 53 85 65 1 1 37 13 69 53 41 77 37 21 97 69 45 81 41 85 33 5 5 49 57 25 45 93 85 5 49 49 29 
81 577
969 33
201 985
873 641
937 641
769 369
265 73
857 225
369 137
833 49
825 257
121 473
441 969
745 937
817 233
9 649
321 401
193 553
297 753
833 257
633 473
409 697
409 425
969 505
57 257
329 713
177 433
793 81
65 953
9 545
65 689
785 385
681 897
433 593
297 769
337 945
617 905
833 977
233 409
409 985
113 113
65 537
793 585
841 977
377 385
529 81
377 905
873 177
801 833
553 473
857 177
489 721
65 929
449 353
65 801
449 513
489 641
217 737
353 785
601 601
585 737
833 625
985 737
537 745
937 281
841 241
625 209
465 113
537 769
185 457
417 593
609 449
401 113
921 657
769 617
57 697
593 481
489 193
681 889
553 745
569 209
209 97
961 801
185 121
385 849
73 73
153 697
417 25
929 193
873 393
257 113
673 753
209 729
585 313
337 537
569 585
489 121
609 369
985 17
89 617
937 289
201 881
153 705
721 481
705 817
529 401
33 393
185 33
745 513
841 777
945 121
89 969
817 945
641 409
129 761
353 57
425 945
217 649
393 553
201 329
281 185
681 57
657 817
849 537
545 505
673 33
489 417
281 417
353 785
641 489
753 57
401 657
713 969
705 641
161 33
689 153
761 497
105 505
9 937
25 577
865 505
825 89
369 993
969 553
225 769
305 177
865 641
801 449
337 745
65 369
33 449
297 49
705 681
449 465
297 113
889 265
289 321
465 337
937 825
585 537
937 729
57 561
193 273
769 705
105 393
201 977
9 489
841 585
217 833
113 961
809 457
761 833
777 313
257 233
65 209
873 281
153 625
745 321
689 49
129 265
257 25
377 497
137 889
225 841
801 185
601 465
585 465
337 105
753 353
433 753
985 257
417 993
617 257
121 929
257 993
617 385
369 129
817 817
185 769
57 257
633 329
769 809
153 913
961 289
817 233
777 697
937 393
817 393
641 481
121 777
977 337
617 657
993 481
41 785
145 593
57 201
561 993
441 217
201 961
185 433
569 89
609 257
25 929
217 209
737 993
353 385
633 465
249 745
281 465
393 105
89 313
25 393
129 369
497 273
25 345
873 153
41 313
73 649
497 721
841 441
753 681
145 297
17 809
225 57
721 889
353 201
353 361
841 609
825 145
857 841
681 129
705 713
177 1
673 681
297 505
625 865
209 73
321 441
41 249
753 409
201 969
289 825
545 649
161 665
369 817
617 89
745 713
401 313
721 617
345 449
545 641
9 129
297 489
105 881
545 817
465 153
617 113
433 625
905 145
249 505
217 401
489 801
641 353
225 793
913 985
17 873
657 865
785 625
841 185
713 593
745 57
65 385
137 929
9 161
553 89
257 529
665 825
193 785
889 353
857 337
209 297
849 497
529 265
953 945
569 785
649 217
81 265
873 609
89 593
809 193
265 281
369 665
641 273
593 873
553 401
185 305
89 745
689 657
49 609
929 529
481 337
625 417
353 753
745 569
177 81
81 33
937 457
257 593
449 129
737 329
753 161
513 289
73 249
721 881
417 281
569 721
609 129
769 9
769 377
89 113
777 129
369 489
345 17
65 57
321 881
873 97
97 353
49 225
761 369
417 185
993 81
673 241
65 281
177 937
601 49
857 33
601 545
777 217
393 65
257 17
201 345
777 249
577 945
17 33
673 857
817 105
321 225
425 881
249 105
473 705
129 289
777 97
921 329
873 777
801 561
897 33
497 673
921 249
41 913
953 121
177 601
313 113
65 881
417 673
977 321
441 201
97 273
425 441
329 121
89 873
113 273
433 473
57 641
233 281
489 193
705 225
209 785
737 129
609 825
817 793
697 441
689 377
897 585
153 545
505 353
209 577
649 993
193 817
225 769
209 961
473 761
361 609
737 297
873 161
257 57
841 721
489 617
897 169
641 369
857 633
705 97
289 409
897 921
113 185
25 33
465 185
65 881
225 9
169 649
937 649
97 553
913 345
145 553
361 345
65 641
345 529
425 217
609 321
185 49
809 401
745 617
521 17
457 897
9 745
817 393
737 521
273 337
641 897
921 1
513 185
881 969
305 569
457 745
673 881
1 241
9 697
73 393
321 633
793 969
977 937
161 345
417 625
281 393
73 841
273 401
313 505
601 505
465 265
665 441
321 193
617 217
649 881
409 105
137 809
145 641
761 545
113 385
873 873
505 473
969 393
569 465
577 209
577 17
305 129
121 945
913 169
57 673
913 529
849 97
233 513
657 265
481 681
497 857
569 393
977 521
401 833
505 697
657 585
561 785
577 185
993 977
977 793
705 529
529 969
161 145
673 225
537 585
993 945
937 545
857 977
193 593
457 721
921 777
57 417
81 841
281 233
657 905
665 961
425 913
537 993
385 785
281 497
977 257
969 729
25 953
761 673
489 961
425 257
521 577
385 313
553 833
961 809
225 49
425 769
833 705
353 401
225 393
937 961
953 985
993 321
921 329
953 217
193 345
81 177
681 97
305 937
617 921
537 993
9 209
137 33
33 233
977 673
793 641
425 345
497 625
257 521
457 545
145 105
993 849
81 433
745 281
41 713
97 17
345 673
361 969
169 25
57 145
977 593
569 761
121 265
993 905
137 369
441 777
569 185
985 793
713 809
33 793
585 881
537 353
161 673
433 193
89 777
9 433
641 753
705 961
153 729
241 985
449 713
769 897
25 473
625 377
257 65
857 241
17 385
465 329
945 825
217 833
57 377
289 137
497 577
985 841
225 1
273 665
185 641
193 913
305 265
785 817
433 209
577 321
185 977
65 81
857 809
105 377
729 969
49 849
857 113
337 233
489 305
425 489
425 577
849 793
257 753
497 617
401 241
449 937
793 713
345 673
185 569
329 81
953 25
993 913
769 769
849 441
441 185
561 793
681 129
489 145
169 49
705 785
369 785
801 153
73 97
89 201
417 897
817 265
945 401
577 881
401 1
385 793
921 681
833 89
353 833
729 601
977 329
513 657
761 297
865 201
889 233
9 865
817 721
977 513
641 617
145 825
465 969
977 321
641 681
177 673
681 513
25 729
825 153
969 441
241 473
41 809
433 609
65 425
137 881
209 41
649 681
161 201
705 473
897 553
705 977
281 425
753 689
1 65
273 641
249 969
617 217
633 577
721 569
977 513
969 817
929 969
521 289
209 745
929 889
313 289
81 737
785 73
497 361
817 73
449 937
281 817
577 145
681 297
401 985
113 849
281 785
841 609
193 497
521 41
545 769
737 785
625 801
257 625
321 33
401 953
577 841
545 945
89 809
793 961
513 17
561 201
753 441
1 145
545 689
393 321
641 265
849 105
697 985
809 73
417 753
921 201
641 545
801 361
761 401
953 433
561 185
161 953
145 321
121 321
257 265
529 73
481 545
657 337
49 577
441 793
945 137
649 313
913 201
577 225
49 521
177 769
41 33
473 833
465 129
25 585
705 185
225 657
713 681
17 809
617 673
209 145
585 281
289 281
641 513
937 505
721 281
49 393
713 425
217 361
457 513
305 513
961 905
601 57
225 681
49 145
249 377
689 761
825 489
417 441
121 209
777 25
857 161
761 497
697 785
193 865
985 929
921 985
489 129
321 705
281 65
145 697
545 601
241 433
161 665
681 513
881 513
209 593
545 617
433 465
145 793
553 657
753 305
105 473
217 129
441 841
633 593
433 521
865 857
513 697
873 761
593 257
713 737
897 993
785 113
969 321
729 25
737 201
377 145
353 289
529 721
737 265
569 65
841 41
265 913
505 473
353 665
577 297
705 81
961 993
993 921
193 353
57 273
241 769
353 257
73 937
145 457
105 713
289 761
737 273
769 625
401 961
161 609
449 657
401 737
369 577
257 81
777 145
425 289
113 193
921 361
473 25
73 841
89 353
241 121
689 137
289 641
849 345
617 361
569 257
377 193
713 49
681 617
961 345
633 17
553 409
729 777
25 257
889 833
57 289
585 473
241 249
665 569
337 129
473 137
633 257
633 617
73 889
145 385
17 441
665 961
377 913
577 641
945 737
225 457
201 9
753 945
633 193
769 569
577 521
33 985
841 137
537 609
345 129
841 985
593 513
241 177
561 905
969 193
817 233
809 353
489 857
465 273
577 849
233 297
873 689
673 169
889 721
649 561
377 81
273 961
665 409
673 513
265 713
561 977
921 817
361 257
753 585
241 633
193 633
913 561
241 913
657 553
385 89
385 481
9 745
257 25
721 945
769 777
1 969
545 681
385 689
873 89
201 329
321 745
497 857
833 465
521 153
49 745
569 497
201 273
329 161
449 897
81 697
993 161
1 497
833 433
833 113
753 801
673 545
353 305
377 369
641 33
673 521
97 825
49 393
33 633
481 161
289 441
833 377
481 225
953 465
9 33
929 657
209 665
681 633
201 73
393 441
681 913
241 177
297 281
241 121
593 345
961 921
393 361
137 865
721 209
25 721
609 825
833 953
545 145
473 777
265 225
241 289
225 513
257 961
49 649
761 433
441 449
321 361
889 169
529 537
665 185
41 569
537 257
217 129
425 857
265 977
497 673
