1000 1000
53 57 73 17 33 45 33 65 69 65 21 29 97 1 1 97 69 37 61 57 81 85 41 89 17 37 61 81 1 41 97 49 53 69 13 33 93 49 81 73 29 17 5 1 77 93 53 21 97 97 17 1 73 53 89 93 17 85 69 65 69 93 29 97 9 81 97 65 65 85 33 65 25 9 89 37 61 17 93 49 57 85 37 29 25 45 41 81 65 69 81 77 41 25 93 81 77 21 85 53 37 89 73 25 41 89 61 57 25 5 81 49 21 89 9 65 89 81 65 81 77 5 85 5 73 65 17 1 37 33 97 37 33 29 81 89 49 53 45 85 57 93 53 89 17 81 77 5 37 45 93 77 21 1 93 45 13 81 1 17 65 53 65 37 29 9 17 89 89 81 69 21 21 41 37 93 65 81 37 53 49 93 33 13 33 9 37 25 45 69 81 85 33 53 77 5 81 29 33 77 93 65 69 29 93 77 41 37 53 25 69 21 17 69 93 85 13 69 29 29 37 57 65 13 41 1 81 45 17 85 93 65 89 21 9 65 61 33 73 29 61 69 77 57 77 93 21 49 81 61 41 1 33 41 57 65 45 65 37 57 13 13 25 85 97 37 29 41 89 1 5 97 97 41 85 57 41 73 61 49 25 21 65 65 53 9 69 29 5 45 57 89 21 41 29 97 65 89 1 85 25 73 21 57 97 29 29 89 5 65 69 29 25 33 41 85 61 93 85 89 69 9 13 29 77 65 77 81 77 5 73 1 25 77 37 53 57 97 77 89 5 73 61 41 57 97 97 1 73 49 89 81 85 53 57 69 89 81 9 45 65 89 53 29 17 33 5 17 5 29 9 37 57 13 33 41 57 89 49 89 45 65 69 33 21 45 1 45 9 17 97 89 37 93 65 17 81 33 13 5 25 49 89 29 57 29 77 41 57 77 37 37 5 97 49 33 81 77 69 65 41 65 57 61 49 29 89 25 13 65 21 69 1 77 41 85 9 93 93 33 49 73 9 1 41 69 21 53 97 81 77 13 93 49 37 77 97 9 89 9 41 17 61 45 45 1 37 45 61 49 9 49 93 69 77 53 69 33 53 1 53 81 89 41 21 97 21 5 65 73 49 81 81 9 93 93 93 33 41 53 77 5 1 29 65 9 1 65 61 45 41 93 9 41 97 17 93 29 65 33 97 5 45 81 21 93 89 69 9 69 65 25 93 65 41 17 45 53 29 49 29 17 25 81 9 49 5 77 21 69 29 85 37 73 93 61 33 21 21 81 93 49 77 21 97 33 5 37 5 41 29 1 65 37 41 69 25 65 41 65 97 73 73 65 89 25 77 81 97 41 61 97 97 29 93 1 85 49 5 77 81 65 21 13 9 57 1 57 65 77 49 69 17 57 29 69 13 57 93 77 5 37 57 77 5 17 89 9 97 17 25 13 1 97 49 53 69 85 85 93 89 49 33 13 1 9 29 57 41 85 89 85 61 57 53 69 33 97 57 25 85 69 17 13 85 25 37 37 41 41 9 25 29 21 9 97 1 81 45 5 89 73 37 57 13 13 69 77 49 13 9 1 77 9 37 37 53 53 29 45 93 37 25 85 69 29 17 97 57 21 53 49 9 65 93 45 85 21 57 97 25 49 13 65 85 65 13 61 53 33 29 5 45 85 53 1 57 77 17 29 81 81 29 17 77 21 69 13 81 21 9 89 25 5 89 85 93 9 37 29 93 1 89 49 89 61 21 17 41 29 17 45 1 9 85 93 97 17 25 29 89 93 49 89 69 1 69 73 69 69 73 33 37 9 81 49 93 77 21 49 57 61 89 9 85 17 5 85 5 13 45 5 65 49 13 5 17 1 85 41 85 73 61 65 21 21 97 57 45 41 89 53 37 97 13 89 49 53 45 61 57 81 65 57 17 25 29 97 77 57 45 81 29 85 33 69 5 53 85 57 37 25 21 85 81 73 93 33 53 93 89 9 49 45 5 81 61 33 33 9 25 97 49 57 37 33 69 41 37 69 77 45 9 9 25 89 73 85 25 53 65 17 1 9 29 81 77 1 25 77 65 17 69 73 13 77 81 81 41 45 1 53 89 21 77 61 41 5 1 65 81 49 9 69 77 65 41 1 9 65 81 29 37 89 5 41 41 81 21 49 69 97 41 61 93 1 5 85 49 57 13 37 65 13 73 53 13 5 61 85 13 49 17 29 93 9 25 17 61 25 21 29 65 1 61 73 85 97 65 85 25 93 77 1 89 53 29 17 13 17 
345 825
673 193
545 729
825 145
761 489
201 545
17 761
89 521
185 393
633 737
969 345
89 953
609 633
985 961
361 233
73 81
817 561
433 937
177 753
705 417
513 473
145 793
529 361
817 121
1 169
145 449
433 641
545 657
297 113
729 33
425 609
641 89
489 497
233 753
665 881
777 193
465 761
865 753
361 457
193 665
785 537
201 641
377 761
49 57
513 505
513 353
385 1
817 257
689 417
777 97
873 673
393 65
961 289
473 497
193 865
625 977
473 553
449 249
937 289
977 945
785 361
105 249
337 689
241 225
833 33
585 489
265 705
57 529
521 57
761 449
345 369
905 393
321 929
577 961
545 857
769 121
369 401
113 601
257 73
921 481
617 793
113 561
905 633
169 249
217 97
593 849
41 177
849 681
105 169
977 657
65 777
553 681
753 33
761 617
777 457
289 81
721 33
161 665
393 417
921 961
705 497
1 129
561 33
297 113
641 841
449 265
489 665
881 961
921 257
465 49
129 801
361 409
441 249
401 377
625 737
825 97
785 209
937 369
257 129
281 65
1 777
673 201
921 857
225 1
497 745
393 241
681 161
617 865
521 505
809 353
993 649
185 401
177 345
81 705
209 769
993 385
969 801
665 41
313 361
185 673
425 521
585 889
665 817
521 777
353 385
873 809
529 345
961 417
585 185
257 561
665 1
977 49
409 497
977 265
329 601
217 361
633 305
617 105
177 25
369 913
281 345
785 641
521 377
273 657
521 593
537 377
241 49
769 913
577 313
209 921
929 209
737 777
793 385
513 761
545 177
609 537
657 825
913 841
561 497
665 737
353 465
857 881
681 753
433 233
537 625
665 73
737 825
249 305
161 737
65 977
801 321
777 65
961 497
369 241
409 473
65 345
897 865
633 753
265 961
17 361
569 673
225 265
377 513
681 897
113 569
473 561
537 513
241 129
209 233
865 969
321 617
769 569
313 313
553 833
529 601
401 897
697 49
473 201
201 369
353 649
633 145
113 641
449 81
353 553
313 793
625 905
217 849
521 633
81 89
777 569
57 209
681 433
977 617
105 473
801 73
137 153
425 865
169 865
857 769
993 441
185 401
577 945
353 273
193 569
897 337
113 705
457 505
913 641
97 697
49 281
297 217
673 41
345 553
761 465
657 105
793 153
297 9
297 809
81 969
281 905
273 129
297 201
697 817
49 457
201 905
753 561
241 65
713 41
25 825
889 97
169 753
49 209
801 633
289 969
89 361
473 249
865 697
353 273
753 681
425 385
49 185
193 457
17 401
9 129
449 65
321 65
81 793
609 865
897 41
577 745
625 385
777 201
249 737
305 849
665 385
233 137
449 345
161 337
609 49
233 209
617 513
505 433
385 345
49 153
169 977
953 385
641 153
929 905
881 401
345 553
369 25
497 793
593 17
321 89
937 481
313 857
177 937
193 977
665 49
33 633
545 769
681 553
217 625
817 137
937 945
953 593
633 873
457 369
417 929
873 985
945 673
201 921
729 905
9 233
809 881
481 177
273 609
937 97
505 369
161 513
705 145
137 321
761 881
481 849
377 505
529 89
49 785
577 281
849 809
521 985
897 633
41 753
585 153
33 89
81 305
897 817
153 809
889 57
785 49
729 225
545 97
409 609
329 625
609 657
897 601
337 73
185 777
449 769
225 513
729 385
393 753
89 265
1 105
33 865
9 313
745 489
273 49
105 385
929 873
153 641
993 169
537 457
185 89
929 537
385 137
849 361
921 657
425 689
121 529
905 897
961 65
441 833
361 273
377 929
761 553
961 553
353 449
609 681
817 833
905 769
409 929
201 513
505 193
249 841
297 41
81 921
273 137
641 657
529 433
209 489
337 73
337 457
993 953
553 9
553 241
313 681
457 321
489 225
857 529
529 89
425 289
945 801
409 265
833 497
177 129
705 281
129 17
313 385
265 113
969 929
681 65
321 961
833 841
569 465
185 265
961 665
257 257
649 481
97 777
833 57
817 289
193 393
249 945
713 337
849 57
33 345
641 865
785 665
65 945
297 689
233 321
89 105
457 457
33 657
633 33
769 177
49 961
297 385
665 961
41 353
529 673
201 945
145 145
521 849
353 785
873 273
465 625
825 649
105 89
425 513
345 281
737 737
753 633
89 945
321 353
41 737
113 713
761 977
705 553
729 81
657 505
569 313
929 481
297 841
529 153
177 689
857 841
321 753
657 977
545 577
385 481
969 169
417 793
513 305
593 385
505 425
441 449
33 321
225 609
993 921
809 777
9 9
393 649
257 233
305 865
913 505
297 385
209 897
681 881
497 313
385 145
737 345
497 217
881 401
657 705
497 209
73 177
809 249
945 481
177 841
161 529
953 409
225 985
833 969
657 385
625 737
89 753
697 321
889 73
281 769
257 577
705 289
593 609
217 705
401 825
505 529
961 233
265 153
937 945
209 873
505 601
89 265
473 569
489 753
33 641
65 641
633 609
481 17
929 449
169 265
17 249
985 89
769 297
617 617
201 337
625 297
817 217
681 345
977 201
433 425
65 641
577 241
81 401
409 281
425 1
417 825
449 169
385 585
521 137
993 545
217 849
161 905
121 257
1 73
673 33
449 849
465 953
865 913
465 361
761 945
833 433
817 513
913 705
433 985
945 401
145 393
249 945
617 521
561 33
697 729
897 297
905 345
929 921
153 529
321 905
641 473
993 9
529 105
161 897
713 425
705 361
465 633
561 169
993 345
505 425
481 649
881 529
129 265
369 817
473 905
9 873
833 33
793 753
161 497
649 257
1 241
129 753
289 433
553 905
801 185
697 833
945 825
257 753
345 865
17 369
97 385
25 833
553 929
33 745
921 769
321 673
457 377
313 769
761 841
113 489
785 841
761 593
889 297
97 833
993 441
113 345
105 89
401 377
273 433
969 505
593 993
193 817
673 345
313 473
193 393
409 161
913 489
177 129
953 529
761 777
473 425
785 225
113 305
993 801
385 153
1 201
473 553
217 841
497 929
297 849
377 81
233 177
41 41
105 633
177 633
217 537
785 945
977 97
953 561
561 721
873 777
945 977
161 929
305 33
865 241
345 473
313 377
73 273
713 145
985 921
121 481
857 913
801 209
809 705
689 41
633 889
817 745
865 921
361 681
265 465
737 409
57 593
137 345
193 689
305 889
769 569
873 361
777 481
801 921
225 57
929 921
265 305
145 153
177 201
721 425
313 753
97 953
49 809
193 337
345 953
641 289
905 953
273 809
673 897
345 593
241 49
425 25
313 881
153 681
849 233
697 593
457 825
57 137
713 953
369 249
585 161
273 905
305 505
225 225
905 361
889 233
537 313
697 665
329 641
585 961
785 233
513 873
809 217
481 657
801 521
121 673
905 761
817 697
681 289
513 89
193 681
977 593
793 241
977 137
809 289
313 617
385 809
81 705
337 649
593 481
537 265
553 385
89 641
65 697
545 529
361 401
137 849
409 89
945 449
65 161
633 65
1 521
457 505
737 521
57 513
473 609
297 433
641 745
857 641
681 337
801 313
833 281
185 297
249 945
913 585
177 745
321 1
233 1
297 913
33 961
537 153
929 953
609 441
361 833
297 801
609 889
569 617
697 505
665 641
745 289
897 657
865 441
289 257
889 1
545 433
929 297
881 113
617 753
745 689
337 17
921 753
225 89
777 385
169 961
161 697
369 177
777 1
985 961
257 121
897 25
825 153
25 81
961 529
561 689
665 217
337 953
481 329
921 385
913 153
297 665
129 641
489 41
57 649
905 273
241 849
889 953
441 689
521 785
249 569
705 177
905 113
625 313
561 377
953 985
801 721
641 153
121 681
489 921
177 561
697 625
753 9
777 833
681 689
1 969
177 993
545 73
193 505
681 121
705 825
633 641
593 649
705 673
321 377
553 913
305 25
249 49
9 289
665 313
921 625
817 913
113 57
409 161
89 977
689 865
625 441
857 673
913 553
929 833
113 497
881 529
417 585
41 441
585 705
153 553
177 65
433 849
25 505
545 769
289 809
641 337
705 409
225 433
273 721
857 593
113 457
169 449
473 25
473 945
833 337
561 569
721 441
249 993
313 793
225 561
825 273
473 561
153 353
145 713
537 561
513 729
137 817
265 913
817 209
249 953
121 633
665 993
297 841
841 689
969 49
977 697
545 273
889 41
313 681
329 513
673 177
193 977
297 41
849 241
673 545
409 481
529 185
601 17
145 553
889 993
161 585
289 849
617 809
801 505
993 977
937 161
313 641
137 417
473 185
281 321
153 289
641 801
601 897
65 513
545 689
121 249
953 753
209 521
425 937
433 697
969 97
193 489
793 977
49 489
745 337
289 473
505 297
801 65
41 257
769 81
929 929
633 457
433 121
633 921
97 577
449 417
313 785
841 641
601 473
985 153
953 873
881 425
745 425
921 889
993 321
521 25
609 409
793 433
801 897
593 393
217 409
713 49
97 857
513 753
145 353
337 385
713 505
1 673
785 113
841 25
57 801
385 825
681 793
553 481
913 401
329 849
