1000 1000
85 29 73 53 13 89 85 77 65 93 81 89 69 93 65 9 97 53 49 81 73 5 65 97 77 77 9 69 29 93 53 5 9 41 49 21 61 33 93 29 13 73 93 81 97 97 65 1 65 33 81 85 73 85 89 41 25 73 69 45 65 41 93 45 17 33 33 21 29 5 53 1 13 9 53 29 17 29 69 85 13 41 57 45 57 57 89 9 97 49 85 17 9 37 9 17 1 33 69 13 41 37 13 53 77 77 9 61 53 89 85 93 81 49 45 1 33 21 1 85 85 5 49 5 81 89 81 37 49 93 57 49 85 41 61 5 29 33 29 73 45 77 1 53 77 89 17 41 57 33 65 29 45 69 13 5 77 25 5 45 25 21 29 21 61 41 1 13 61 1 17 97 85 37 81 25 49 49 37 5 41 77 41 29 65 53 61 29 17 5 21 21 57 17 49 13 25 25 41 69 97 89 1 29 21 49 5 33 45 73 21 41 53 21 29 5 45 61 33 69 45 97 13 69 13 73 1 49 81 97 41 57 37 29 41 93 25 33 97 33 81 97 29 57 73 33 77 45 81 57 5 5 89 77 73 97 97 65 69 77 61 29 69 33 13 13 85 21 13 57 85 17 85 45 5 37 77 57 41 1 9 61 5 65 57 65 73 13 17 69 97 53 81 1 73 77 65 21 53 97 93 93 53 41 9 5 89 77 21 13 25 25 1 45 97 53 57 85 33 53 81 45 57 81 5 41 73 9 93 61 81 21 57 81 57 61 85 45 85 29 49 29 73 65 97 49 5 61 69 1 49 25 1 45 85 93 53 9 45 45 45 97 9 77 21 77 65 93 9 33 93 93 89 1 13 5 45 29 13 97 37 85 97 25 29 81 5 21 1 41 33 1 69 9 65 89 85 73 57 61 49 93 69 13 29 37 49 57 89 33 97 13 17 53 25 97 53 49 77 57 9 81 29 89 41 49 77 45 97 5 57 45 41 65 5 85 69 21 25 37 13 69 97 81 57 57 97 1 89 81 89 73 57 81 73 93 17 81 69 1 33 41 33 97 29 93 41 25 1 37 41 57 73 29 17 89 57 93 93 41 33 85 45 17 77 1 9 21 53 29 21 5 53 1 1 1 89 97 65 53 69 53 29 29 93 73 89 5 1 93 25 13 13 37 29 61 93 5 37 49 5 13 77 49 33 5 53 1 69 29 9 17 1 69 73 65 65 9 65 13 61 69 97 85 61 65 69 89 37 1 57 61 73 37 9 5 73 49 25 53 49 69 41 77 77 93 33 69 21 37 69 13 61 1 17 17 81 25 1 33 77 37 21 57 85 65 81 69 25 69 65 61 17 81 57 1 37 45 49 57 57 89 81 85 17 81 5 5 5 61 81 73 17 65 89 85 73 49 93 45 93 45 5 41 61 85 9 53 69 85 41 29 45 73 9 97 21 41 61 81 13 73 97 45 93 49 69 49 81 41 33 57 33 61 9 1 77 97 53 1 49 41 33 65 25 37 25 29 29 17 29 1 81 85 65 25 93 25 77 57 45 69 85 9 25 37 97 53 93 17 65 97 37 57 33 65 69 73 93 41 77 57 29 57 21 17 93 41 17 69 41 77 9 29 61 21 69 77 29 41 41 13 53 49 81 77 57 33 61 41 5 13 21 45 97 45 21 41 85 9 93 29 37 17 57 9 69 29 45 89 45 1 89 33 21 73 53 53 73 9 13 17 53 37 73 9 41 17 97 21 77 85 97 65 49 41 5 9 45 85 57 81 61 77 77 21 29 5 1 53 17 29 77 1 17 25 97 81 89 1 73 45 93 13 29 9 9 89 5 97 53 53 65 45 5 41 45 45 69 61 5 37 9 25 77 93 77 33 9 5 73 13 13 57 93 49 73 33 53 25 45 97 53 21 77 41 89 93 69 89 65 9 89 21 81 61 37 73 73 69 13 25 1 77 41 29 21 37 97 85 41 85 89 21 93 49 89 5 25 41 5 77 25 61 37 21 77 9 49 17 1 57 65 69 5 45 61 17 29 65 61 49 65 29 65 5 61 89 17 13 81 21 29 77 65 81 49 89 45 29 45 57 61 33 73 65 17 37 73 41 53 1 9 85 37 61 69 73 97 69 33 17 61 33 65 81 49 17 73 97 85 89 29 49 41 85 1 49 49 69 17 77 61 37 33 65 45 73 41 49 69 65 89 37 85 9 5 17 85 97 89 45 45 45 33 73 61 85 33 65 25 25 37 89 85 73 21 93 85 61 
641 849
609 49
273 665
385 585
953 641
729 489
545 553
897 705
65 369
185 65
169 169
889 953
665 841
361 713
89 9
121 737
745 873
505 57
633 585
689 705
961 137
177 889
953 81
41 505
553 377
649 929
681 497
969 913
649 313
369 201
241 217
977 721
585 153
753 489
993 601
921 697
769 393
113 337
393 1
297 217
25 169
929 289
369 929
785 393
849 505
49 161
881 257
457 369
809 441
153 57
209 945
177 121
121 977
761 41
169 369
25 697
153 401
25 145
945 89
81 169
393 369
297 201
481 257
185 561
921 721
833 273
737 377
681 729
425 233
961 137
753 489
985 481
273 553
185 753
649 993
433 257
561 369
793 329
49 633
553 185
681 881
65 681
49 769
769 769
881 33
137 801
329 121
433 881
977 217
905 401
105 377
953 481
65 825
801 137
873 385
913 41
577 841
233 609
521 545
161 81
305 857
793 257
585 977
521 753
305 985
793 705
713 329
649 481
641 73
201 489
881 937
321 513
121 201
513 225
465 225
449 769
345 89
313 961
689 785
41 329
537 353
721 641
337 121
897 873
105 745
153 769
473 361
433 617
209 289
889 585
705 705
593 425
233 577
569 233
273 601
809 25
465 553
489 281
953 249
769 153
945 945
969 465
921 721
33 297
865 369
561 841
473 209
449 881
833 881
377 425
849 329
513 465
9 321
697 689
49 225
9 793
561 177
305 585
441 33
337 425
209 649
713 137
473 409
705 985
593 257
273 369
137 625
937 449
713 361
281 897
417 913
785 745
17 921
73 169
289 961
601 161
673 33
145 121
281 129
817 561
385 169
737 577
465 801
497 393
841 9
801 425
249 105
497 737
697 257
593 617
129 993
705 513
593 865
473 393
353 553
137 609
977 809
569 841
497 585
809 657
689 321
561 225
25 673
89 577
481 665
209 657
865 969
65 689
985 225
393 49
313 281
321 209
889 817
81 657
305 697
553 641
337 401
553 73
689 241
393 385
801 833
201 545
337 385
625 785
761 161
953 585
961 161
913 49
65 161
801 209
905 105
113 393
825 305
449 81
593 689
377 825
49 417
49 969
833 553
569 273
153 825
113 25
137 905
705 537
113 185
177 481
521 769
665 145
817 553
497 113
265 817
305 169
305 873
465 105
945 673
577 697
489 737
985 377
161 65
673 153
89 393
105 985
449 129
153 993
697 633
865 265
809 977
745 937
241 33
889 97
673 897
921 321
153 161
729 689
281 593
505 521
481 305
289 393
921 513
993 561
881 809
577 833
433 505
161 129
89 761
569 145
289 601
817 617
281 921
185 233
161 817
441 977
793 369
57 433
385 409
321 905
33 641
697 65
953 161
17 489
937 25
337 81
905 641
201 465
441 521
113 977
209 521
233 937
329 1
417 505
889 449
817 801
681 529
337 113
625 761
209 401
825 929
913 129
313 865
553 361
985 321
553 113
833 313
89 361
641 529
257 897
161 825
753 761
241 777
633 681
713 897
993 465
593 313
89 913
73 201
577 409
225 529
393 401
617 985
489 521
145 545
953 761
361 705
937 649
753 561
297 777
57 89
737 561
329 761
617 177
753 673
313 65
929 985
873 657
785 577
409 1
145 209
289 641
201 593
369 537
217 849
257 233
969 809
129 673
217 945
57 633
297 681
833 121
393 305
377 961
905 457
657 993
801 289
369 377
593 401
761 913
953 457
657 937
801 713
929 673
97 921
17 753
257 321
73 953
897 393
41 817
185 905
41 337
65 17
281 305
489 361
945 873
305 705
793 217
449 913
825 801
201 73
297 1
225 569
137 377
553 641
553 401
665 65
865 617
785 337
689 889
417 497
657 889
113 537
409 585
609 305
9 785
417 161
1 705
393 889
257 689
985 1
777 769
241 921
305 361
785 417
345 89
681 49
465 913
233 577
825 457
457 305
433 785
257 745
953 289
273 497
505 969
825 593
665 785
937 449
265 409
497 977
281 689
89 577
169 209
385 521
985 201
209 217
289 89
489 249
561 769
809 969
841 497
977 777
617 1
289 217
481 849
665 657
681 337
225 665
1 121
409 657
513 217
489 697
857 481
905 345
785 257
921 825
105 673
585 721
905 729
841 441
521 41
297 777
641 377
481 9
193 1
473 921
145 305
393 121
697 633
193 401
993 25
769 409
521 809
201 281
1 617
473 585
721 393
553 561
969 545
785 65
177 49
897 945
401 785
721 553
985 825
257 753
873 345
689 249
721 689
721 737
81 833
713 745
17 825
953 265
833 873
809 73
145 305
129 33
553 377
425 241
777 417
665 281
393 641
57 801
465 313
145 121
105 641
257 89
769 601
809 313
409 889
401 961
129 993
705 225
153 129
649 921
553 377
305 161
273 977
889 193
753 25
905 609
617 305
913 721
881 497
521 305
889 649
113 505
521 841
121 65
201 745
289 17
393 617
321 641
313 633
273 289
841 209
265 113
73 777
489 817
545 169
345 905
281 265
137 105
545 569
961 433
913 897
577 33
977 433
289 641
65 825
809 161
521 305
833 985
385 745
9 481
329 9
537 721
809 521
609 881
729 289
833 745
57 17
521 801
153 129
529 481
425 865
497 169
753 953
281 969
673 617
33 65
625 233
929 185
313 257
105 73
433 473
73 353
345 761
1 65
929 489
833 153
73 185
521 769
825 345
73 425
513 65
825 513
129 393
889 81
449 601
105 105
441 665
273 217
641 353
705 497
753 337
873 617
41 121
697 457
25 745
57 977
457 161
569 753
201 89
1 17
257 17
833 153
609 321
641 689
825 305
97 417
529 377
249 105
209 497
721 353
113 369
681 985
809 33
169 329
561 833
449 441
817 1
985 521
129 777
121 673
25 529
209 97
969 329
785 817
201 801
289 105
337 273
73 377
553 73
25 881
809 513
329 841
305 465
601 457
185 281
905 929
321 265
657 801
513 289
329 521
633 649
377 737
953 425
265 521
761 329
161 657
393 897
705 73
1 129
953 33
761 921
681 25
265 641
121 273
729 193
449 129
857 153
537 665
281 737
665 457
681 817
785 833
641 561
889 225
977 929
833 673
809 33
225 601
137 521
625 313
297 761
209 345
553 785
521 89
833 969
713 89
113 81
73 305
369 65
993 161
177 969
329 921
513 497
105 465
793 593
1 609
281 489
465 385
809 345
457 729
129 593
209 57
673 121
9 81
337 545
913 313
233 49
809 977
657 273
481 961
9 513
793 201
385 649
689 833
497 561
185 193
49 817
169 81
57 737
625 465
793 609
569 81
561 593
49 153
753 865
97 841
369 185
241 313
617 129
249 505
9 625
185 377
177 273
505 569
313 321
17 537
689 521
673 969
225 257
529 121
249 385
929 881
777 121
105 329
769 889
305 161
777 353
233 257
489 193
153 609
401 529
25 777
409 113
601 849
265 89
433 73
257 129
641 473
657 489
441 841
577 841
169 89
25 561
497 201
465 529
801 129
201 441
33 505
569 865
577 633
281 665
865 281
889 1
321 273
409 17
353 409
545 337
985 185
153 753
337 361
617 377
769 113
401 737
993 905
985 273
681 969
977 657
121 881
689 817
209 977
417 665
649 865
665 609
577 185
409 65
665 113
521 137
665 961
417 585
673 537
769 569
193 641
913 833
713 553
201 337
209 945
745 553
777 137
769 697
969 185
897 265
889 313
817 825
113 769
201 593
673 889
569 273
577 433
633 257
561 329
697 865
313 945
81 25
233 505
385 625
969 393
65 473
801 577
385 41
705 137
729 545
401 465
161 177
689 433
489 745
521 705
321 321
705 513
985 993
577 97
241 225
649 249
873 481
561 297
593 889
521 441
657 905
81 521
457 785
113 641
625 385
561 81
777 929
129 889
937 129
881 601
65 105
801 97
73 969
305 33
817 249
961 49
985 657
233 673
833 449
281 577
57 257
649 425
705 569
409 913
969 329
225 449
249 57
737 785
57 545
577 185
561 489
217 177
41 313
489 481
569 825
289 713
425 833
569 953
577 921
105 233
57 417
25 273
721 713
233 729
473 849
929 249
329 281
273 601
657 945
993 929
65 353
25 385
345 649
441 361
825 81
729 993
433 953
281 209
65 849
921 417
377 513
481 161
353 441
705 777
417 625
657 857
33 721
529 25
121 969
393 209
889 393
713 953
497 385
585 193
809 257
121 441
681 465
833 897
41 801
145 953
889 345
401 553
177 289
137 913
569 185
193 369
969 873
921 561
449 25
985 705
273 737
809 425
809 425
561 97
289 969
577 121
489 905
521 161
1 65
937 593
953 481
185 833
529 553
1 113
225 409
929 753
409 105
561 665
801 113
841 273
465 865
953 473
449 985
217 377
641 97
145 113
161 273
249 585
673 9
801 233
281 641
1 185
673 145
129 961
513 105
425 945
1 185
673 537
617 537
137 417
601 785
1 89
481 73
649 89
761 593
377 457
161 881
937 585
449 65
137 785
249 913
345 457
361 241
201 385
953 865
993 785
817 433
833 577
465 513
673 801
625 569
