1000 1000
37 77 49 85 9 97 21 29 17 37 1 93 29 89 57 53 1 5 61 97 73 97 21 9 21 33 1 25 53 85 29 77 73 77 37 41 29 81 41 25 33 33 49 97 21 97 81 77 81 17 45 9 25 29 17 41 25 49 33 9 25 57 65 5 89 85 9 5 33 97 93 37 9 5 25 21 85 89 69 37 97 69 1 17 9 61 89 61 25 89 81 33 21 77 93 53 93 81 9 29 37 77 21 61 5 29 69 1 41 53 61 13 89 65 89 33 21 77 17 9 65 13 21 41 77 33 37 5 21 5 77 41 61 33 85 13 13 21 13 17 69 13 33 57 65 77 33 77 89 81 37 21 89 77 85 89 9 25 33 49 17 21 53 97 89 85 85 13 97 73 61 5 97 5 49 53 37 97 17 25 45 41 49 33 85 25 65 49 29 53 25 29 93 49 65 53 85 61 1 13 93 73 37 9 9 65 73 49 49 5 53 65 85 41 77 81 1 89 57 9 97 93 13 61 65 33 45 97 69 93 93 1 37 73 25 61 45 45 57 21 57 5 49 1 57 33 17 97 29 25 9 73 25 37 29 89 57 37 41 49 45 53 93 57 73 37 45 37 25 1 61 21 45 33 69 17 89 45 9 17 61 17 1 29 45 37 57 97 49 93 5 57 41 93 85 69 9 61 73 65 93 21 21 25 37 73 49 85 5 77 9 73 89 37 41 41 13 93 85 57 73 45 49 85 69 65 29 13 25 29 13 89 81 85 85 5 25 33 9 57 73 41 13 97 49 49 33 65 65 81 29 17 53 69 9 33 29 1 57 73 69 49 97 33 33 29 49 45 9 21 69 61 53 17 33 13 5 37 5 97 97 81 29 49 93 61 53 33 1 1 53 25 33 53 57 69 89 5 21 49 21 25 13 17 89 97 85 57 65 49 53 21 85 13 17 29 89 77 9 57 29 45 81 17 1 1 81 57 5 77 13 25 29 97 49 21 81 13 37 21 37 53 25 1 97 73 33 65 13 25 69 89 33 17 73 93 37 65 53 1 53 37 93 81 73 9 13 53 45 33 1 29 61 69 73 85 17 93 93 93 41 9 13 73 25 41 81 29 33 93 49 21 65 61 61 89 97 57 69 13 85 41 29 13 21 21 41 33 17 25 61 53 81 57 57 25 37 53 69 1 57 73 13 25 85 93 37 49 77 37 13 5 93 85 25 93 1 45 29 21 89 45 41 49 49 21 9 53 53 21 37 49 45 57 13 61 21 93 53 33 33 53 33 29 45 57 33 61 89 5 41 45 9 45 53 85 29 37 69 69 77 29 73 77 29 25 13 29 89 49 13 13 77 77 77 25 5 29 41 73 73 21 5 49 45 61 97 93 5 5 1 45 33 29 5 29 61 73 5 17 97 69 41 53 69 73 57 17 93 77 17 17 77 77 41 21 45 61 9 77 37 81 65 25 61 17 73 41 77 61 41 85 5 57 29 89 65 53 13 49 9 45 41 49 5 69 97 5 45 29 77 1 81 77 49 81 93 97 93 49 65 37 1 21 33 65 57 85 61 61 9 41 41 57 1 17 17 61 57 53 41 13 1 29 5 65 97 21 81 9 33 21 37 37 61 53 41 85 73 73 85 29 13 65 1 73 5 13 17 73 25 37 37 77 21 61 33 73 53 77 93 73 29 93 49 93 29 25 85 45 13 17 41 81 45 41 85 37 61 49 9 73 33 49 1 53 93 25 77 81 57 97 81 9 5 1 29 89 33 69 41 21 53 45 97 93 89 77 41 25 97 45 73 61 85 53 81 57 49 85 69 37 41 37 25 49 21 41 97 69 69 57 33 21 45 21 29 73 29 53 41 17 81 81 17 97 29 37 45 61 97 69 53 33 29 41 53 69 89 13 57 73 57 53 73 1 89 69 81 81 1 37 69 41 65 73 57 89 25 1 85 33 93 65 9 65 81 5 13 45 25 45 5 17 49 33 61 85 29 49 61 33 45 49 37 33 1 65 13 9 17 25 13 61 37 5 81 45 77 33 5 97 33 37 9 89 89 17 81 77 25 21 25 77 89 85 37 33 1 41 5 21 17 81 17 53 73 77 93 77 97 85 21 21 21 81 45 61 49 49 9 85 69 9 89 41 65 97 53 17 77 5 89 73 89 77 53 89 25 5 93 21 49 29 65 17 9 41 57 97 97 45 37 89 13 69 45 49 85 9 53 77 21 73 65 41 73 81 85 21 61 13 77 65 61 89 33 25 97 5 
617 553
249 561
913 873
89 745
417 17
737 169
809 321
521 809
793 257
937 721
673 169
985 289
521 137
137 337
497 473
737 697
265 217
713 969
321 753
257 633
185 833
209 361
545 569
89 89
649 1
601 457
449 81
249 105
185 569
489 297
857 185
25 833
945 969
473 401
417 857
593 889
345 57
937 329
33 153
481 953
25 337
457 65
121 17
49 977
649 377
313 761
529 457
329 569
249 433
641 873
713 361
449 769
353 297
809 377
489 993
841 81
897 369
329 257
369 521
241 713
497 257
497 809
257 297
633 817
561 161
225 961
593 521
945 145
49 153
769 897
401 481
105 617
753 505
489 969
985 897
209 177
697 457
201 217
217 361
993 569
985 489
873 833
313 945
393 65
273 65
777 513
841 177
377 761
449 897
897 537
633 465
769 969
113 617
913 753
329 65
865 825
121 441
745 521
481 233
577 617
977 449
969 73
409 185
129 721
561 321
25 921
513 65
505 1
401 113
993 217
985 609
33 201
361 721
857 985
697 1
881 241
945 985
633 57
585 729
793 745
289 569
793 545
273 721
425 137
537 465
57 1
217 177
745 617
881 401
441 577
913 321
817 217
217 753
609 41
361 25
505 265
625 425
337 593
161 153
313 313
289 225
729 593
401 609
193 881
481 185
241 713
481 217
433 505
521 609
449 657
793 769
233 593
985 985
881 449
937 857
249 545
849 513
289 577
617 97
17 201
793 689
681 305
465 193
737 945
881 681
489 169
985 649
905 977
809 377
225 449
833 985
209 225
265 57
897 193
57 489
305 9
601 153
641 25
201 153
673 49
241 257
281 601
449 137
89 817
753 297
217 497
489 977
769 457
145 217
865 649
81 681
769 873
945 665
577 537
201 73
617 817
801 169
489 409
929 689
681 857
713 817
793 889
521 561
337 425
985 25
713 913
225 825
289 105
825 513
897 137
513 625
649 913
553 649
329 537
217 953
441 17
329 105
801 321
513 481
25 857
673 249
313 113
601 993
409 601
97 745
193 49
633 665
937 193
449 833
833 897
577 625
865 529
137 537
905 609
833 769
969 561
121 457
25 369
857 809
273 633
641 297
969 889
953 233
457 753
761 297
881 689
849 57
449 937
529 457
217 473
513 281
545 353
897 529
489 369
793 185
257 249
761 393
113 737
953 361
681 793
721 713
105 217
577 553
985 929
385 713
1 585
161 649
721 193
665 105
217 689
633 553
641 113
385 865
393 897
73 561
81 905
185 897
9 537
417 337
593 73
849 953
569 817
497 265
601 225
937 665
217 273
585 425
593 961
697 281
65 777
673 169
857 849
729 425
529 937
489 121
433 81
617 369
313 169
177 513
993 33
825 897
73 257
97 777
57 9
377 249
961 705
577 105
913 265
425 689
1 369
433 865
865 873
345 977
41 137
33 217
257 145
721 49
521 633
593 697
737 321
57 745
497 537
25 945
217 105
665 841
985 977
721 857
905 353
841 977
281 41
873 937
569 641
953 881
809 433
97 761
137 673
825 977
41 761
489 617
1 401
401 601
825 65
505 529
577 465
745 897
969 65
641 433
489 737
729 585
697 169
449 1
161 345
665 225
673 257
185 633
833 897
473 641
41 801
769 641
265 169
617 201
897 321
257 401
617 961
257 921
505 665
185 465
313 673
881 913
425 369
105 993
841 609
113 681
937 681
145 401
889 729
337 825
537 617
417 353
417 561
129 961
65 225
297 489
57 25
969 521
977 601
513 985
625 137
513 161
233 265
705 873
801 129
617 513
241 921
153 649
921 89
961 769
81 953
33 529
497 489
985 945
521 385
681 649
849 57
185 985
305 865
657 305
113 729
553 169
145 129
609 273
721 9
633 953
985 417
601 97
1 801
433 713
801 681
689 345
137 825
665 257
65 1
489 729
313 961
569 769
137 897
633 697
881 201
273 521
553 809
297 249
761 561
521 217
313 945
857 953
753 105
449 857
449 777
625 273
113 41
809 569
617 977
417 273
825 217
873 849
945 553
441 273
145 897
737 625
233 225
377 937
585 41
121 729
377 529
833 545
25 665
81 17
433 521
625 713
281 857
313 121
369 297
17 865
17 201
529 209
145 201
81 185
497 89
57 657
977 89
649 169
561 33
473 433
649 265
25 713
873 1
865 721
777 657
49 785
833 689
305 441
65 177
617 1
977 721
993 561
665 881
529 161
401 865
777 641
481 385
33 521
289 537
457 537
913 265
145 737
225 313
729 129
705 457
929 377
513 73
481 297
641 361
353 25
257 449
129 705
361 177
465 969
521 433
473 961
265 897
441 17
321 105
921 985
577 201
241 625
897 73
305 25
345 513
985 145
601 729
433 689
1 633
785 353
689 33
825 417
33 313
121 505
177 977
761 929
465 569
17 513
449 225
937 137
177 841
529 897
41 785
745 857
89 9
153 41
449 97
945 705
305 401
609 673
249 585
649 209
137 409
825 353
521 201
105 569
409 121
361 441
721 113
441 81
177 321
17 97
585 57
793 25
49 417
201 769
897 697
577 217
281 905
281 321
801 433
961 689
105 753
33 393
377 721
433 337
553 113
121 369
545 361
145 945
617 105
937 969
641 289
697 273
793 529
433 209
305 721
817 465
905 561
169 617
817 257
745 97
25 489
489 625
121 169
481 73
705 409
993 697
937 121
881 73
561 321
641 89
513 377
705 441
497 105
769 97
977 217
929 809
785 785
617 417
489 681
793 985
265 33
353 137
137 193
897 153
209 441
809 329
913 993
385 97
825 233
801 513
393 945
97 889
369 897
41 121
401 81
265 465
425 905
281 953
129 881
497 577
289 249
73 713
953 841
641 177
641 825
81 153
665 25
153 257
337 145
73 929
105 193
345 985
633 353
873 97
529 985
329 649
497 169
681 977
441 969
641 633
49 121
665 465
865 121
913 337
57 817
833 921
145 121
33 209
785 33
337 409
521 801
129 209
577 481
857 841
129 569
985 153
273 689
145 81
89 505
201 985
881 489
441 897
433 945
289 785
889 257
857 785
921 577
121 969
489 697
961 921
193 713
57 393
377 793
89 585
137 233
881 929
377 9
769 345
881 697
393 273
273 241
689 897
177 41
793 409
641 617
97 841
473 449
505 345
145 793
73 617
241 769
889 505
497 937
753 705
769 609
953 201
481 321
257 881
873 129
185 913
297 417
609 89
217 305
529 545
881 769
313 401
865 857
777 377
409 977
777 65
801 737
233 537
633 761
737 121
249 425
297 601
361 281
649 761
633 121
121 753
97 809
1 49
433 649
121 353
625 953
657 641
385 873
353 945
641 393
601 689
321 17
985 561
289 905
73 185
993 513
169 641
593 17
1 561
313 145
225 937
745 17
825 401
833 289
161 97
57 105
305 209
865 113
65 985
121 841
913 865
105 409
305 313
417 233
617 753
529 721
481 577
113 553
953 857
345 105
57 537
753 817
905 825
393 361
737 737
577 297
481 601
737 817
233 849
161 121
393 97
305 401
705 17
761 633
713 217
361 745
1 241
585 273
433 505
945 993
97 49
929 449
681 137
65 121
273 425
73 441
49 249
201 585
633 713
697 433
121 641
385 121
441 753
985 81
993 993
393 641
329 857
929 65
641 577
225 817
769 721
809 649
881 153
809 49
433 177
449 585
705 705
889 49
489 825
473 777
73 497
849 161
281 529
641 177
953 777
481 145
793 961
817 593
289 41
249 753
761 41
97 481
65 441
337 825
305 113
785 825
353 641
449 617
313 513
585 577
385 673
505 825
673 129
185 585
745 993
9 393
361 825
425 145
433 665
33 529
217 969
465 617
433 465
497 441
257 185
961 113
113 129
465 121
721 817
25 697
465 417
281 953
233 929
945 929
561 185
641 673
833 457
385 769
977 769
561 257
985 889
17 73
289 193
225 841
481 521
321 265
905 801
577 689
641 217
977 777
33 585
193 425
25 937
753 769
401 601
17 465
977 881
449 393
969 97
513 641
889 137
745 617
33 985
225 633
633 761
297 25
881 617
721 329
553 177
401 321
481 233
161 665
89 681
169 281
417 361
497 649
729 233
289 609
945 801
633 537
49 297
953 345
201 569
921 705
737 841
441 65
81 249
393 945
145 209
705 169
905 793
505 977
217 49
353 257
425 265
625 521
225 137
617 169
201 497
553 17
817 473
537 737
729 97
481 105
921 329
169 185
577 985
33 545
889 753
889 313
785 345
913 193
513 89
409 849
305 569
617 377
625 249
593 657
297 833
857 385
353 905
225 681
625 585
537 553
473 593
601 649
857 529
345 65
761 873
961 609
961 673
665 169
617 377
769 353
401 745
249 209
329 465
473 641
601 57
817 377
25 849
1 1
473 193
601 833
737 769
425 193
873 921
297 65
209 105
145 305
89 529
457 969
769 921
841 913
449 289
825 473
513 833
457 633
169 297
593 929
273 33
561 513
641 737
265 473
841 153
737 25
257 177
873 649
673 105
105 465
1 49
153 609
377 601
617 305
697 161
601 905
