1000 1000
37 65 73 73 89 93 45 81 13 73 9 85 89 89 61 69 77 45 61 57 53 13 41 33 77 97 33 97 25 33 97 33 5 57 49 49 45 93 65 25 25 49 53 73 73 65 5 73 17 33 97 9 5 85 5 85 29 81 5 65 13 65 25 1 5 9 17 13 41 97 13 53 5 9 85 77 97 21 57 21 25 17 33 37 25 29 97 73 97 53 73 37 13 93 81 53 45 89 77 61 77 25 49 49 45 21 65 77 49 33 53 65 61 77 81 53 21 93 85 53 41 5 33 89 53 69 29 5 5 89 53 21 13 65 17 77 37 25 85 85 21 73 73 53 93 77 21 9 33 25 85 37 57 5 73 69 41 49 41 93 5 73 13 97 29 89 9 25 81 45 41 21 49 1 85 73 93 49 1 61 21 69 29 53 81 25 89 29 85 37 9 37 1 85 85 1 61 41 29 65 49 17 49 29 37 81 37 45 41 13 65 69 5 61 97 49 61 93 1 57 17 49 69 45 33 41 29 5 13 17 1 21 61 49 5 73 41 33 89 1 61 93 21 25 89 69 89 29 81 5 1 41 81 45 81 13 41 17 1 53 69 85 93 73 73 1 97 45 73 37 93 29 13 97 81 25 81 49 49 45 33 13 9 49 29 25 41 89 73 13 33 33 9 33 93 85 13 37 45 37 77 69 5 1 65 9 85 37 29 53 37 73 57 69 77 69 89 45 9 69 53 61 81 25 33 13 73 41 85 73 1 49 41 1 37 49 97 85 41 33 85 37 97 77 85 9 93 41 49 25 13 13 77 57 97 53 1 73 81 45 5 65 85 49 93 1 81 17 93 5 17 21 21 77 21 33 5 81 77 33 1 13 77 57 53 13 41 9 97 85 17 25 17 17 49 9 69 61 81 37 9 81 93 37 29 9 17 81 37 77 9 17 41 49 93 29 21 53 1 89 93 89 97 89 21 77 73 5 73 41 57 65 77 45 33 69 65 69 77 73 13 33 41 37 1 1 17 41 1 13 61 53 89 13 57 33 45 33 45 49 65 21 85 73 73 37 45 61 5 85 5 45 33 93 89 73 1 5 77 93 21 37 41 5 73 53 37 77 97 25 73 17 57 13 21 85 5 77 93 69 49 77 57 29 9 21 97 9 21 85 17 41 81 17 93 49 93 61 5 25 29 33 9 65 21 61 1 53 97 61 49 81 53 37 37 73 25 53 17 93 61 93 1 85 89 57 1 61 13 17 37 29 93 17 33 77 57 97 45 69 9 97 9 89 1 5 97 69 45 37 89 17 77 81 5 57 57 73 13 49 33 69 93 37 17 17 85 13 53 17 53 25 73 41 37 53 65 61 73 13 93 65 93 5 53 29 25 33 77 53 13 61 33 21 53 77 5 13 77 29 85 49 45 53 37 53 37 41 73 1 81 5 85 45 5 53 65 69 65 9 41 1 45 9 57 69 5 97 1 65 89 61 85 45 53 85 49 45 33 21 49 93 57 5 93 25 69 93 41 73 89 37 57 1 25 21 37 13 57 33 89 17 57 1 49 49 93 25 65 37 61 61 65 97 45 29 9 33 57 57 33 33 33 29 97 81 29 13 97 41 33 41 61 13 61 57 29 41 65 13 81 97 73 41 97 65 13 69 65 77 77 17 57 41 85 33 85 41 5 49 49 69 41 65 49 17 69 37 61 89 13 93 69 97 69 33 97 77 5 17 57 73 69 49 17 49 21 1 73 65 89 21 29 45 29 65 25 5 57 9 9 93 65 5 77 33 9 53 85 77 53 41 33 49 37 29 33 65 89 57 65 53 97 33 69 9 41 57 5 57 25 61 33 77 37 73 25 97 45 21 33 37 1 69 5 13 53 5 25 69 65 25 65 5 65 49 85 93 57 73 5 73 81 1 73 1 53 77 1 9 41 89 73 89 5 41 69 17 81 25 69 93 93 41 21 5 37 73 21 97 49 5 25 25 89 17 37 77 89 77 9 17 81 45 89 97 13 93 89 93 97 13 93 33 45 57 89 17 13 85 9 13 29 25 65 33 21 65 13 17 5 57 25 61 25 85 97 13 13 5 69 77 97 21 21 49 37 21 25 49 5 29 9 93 33 25 33 93 5 37 57 93 73 21 29 53 89 1 1 21 77 17 89 61 13 77 33 97 29 61 5 49 41 49 97 85 77 89 45 85 13 89 41 9 17 93 45 13 61 65 57 33 1 85 69 5 13 81 33 57 77 25 65 49 65 1 17 97 89 81 
257 393
257 241
457 897
81 241
17 601
377 161
225 649
121 881
921 273
193 961
801 81
321 569
257 561
401 673
369 897
793 649
273 977
41 617
561 617
681 265
505 1
809 905
697 89
185 345
297 97
817 617
505 393
33 689
593 945
41 401
33 489
729 185
249 65
513 273
273 377
609 97
569 625
1 745
409 337
265 25
761 985
993 281
833 545
537 561
985 121
585 649
481 769
745 809
433 273
609 601
177 817
601 417
817 257
937 993
657 921
193 441
961 889
729 977
513 73
633 833
377 193
657 145
169 9
425 377
529 449
105 865
441 265
313 329
697 321
329 833
489 281
25 761
217 65
873 65
433 561
497 857
657 969
897 257
913 529
169 537
681 657
689 889
673 369
17 881
329 417
761 9
57 593
641 65
561 241
369 273
945 529
769 881
457 305
937 313
857 881
225 873
241 97
737 665
201 609
545 673
721 121
721 969
801 449
401 657
873 57
433 457
857 545
801 857
649 865
185 241
841 537
769 97
377 177
537 617
617 617
409 521
425 209
969 57
321 433
889 577
41 993
361 777
545 137
169 425
761 745
617 801
401 929
457 929
169 481
513 233
145 817
681 585
729 777
697 849
721 721
769 729
97 865
369 817
209 257
297 9
353 657
545 753
465 641
705 705
473 361
257 473
529 57
577 49
809 281
137 889
57 577
633 289
257 433
353 337
377 185
705 41
641 913
353 993
657 153
873 681
289 153
729 321
449 105
305 33
745 825
257 249
585 529
553 185
577 33
49 185
809 817
457 313
745 273
121 841
129 969
449 89
33 489
761 529
377 561
361 89
569 785
761 9
857 825
529 25
25 937
17 185
825 713
505 921
201 633
177 321
761 977
969 321
793 817
193 553
209 945
25 473
985 313
217 801
113 865
769 337
217 761
697 321
169 985
961 385
985 97
609 121
561 665
625 937
905 689
393 641
809 561
329 529
177 601
377 601
993 713
681 929
273 193
593 745
17 945
913 169
385 945
513 697
865 505
729 753
17 961
33 745
801 553
961 577
409 81
345 113
297 521
945 457
601 1
385 737
905 881
113 225
809 225
321 937
937 561
241 337
553 769
297 713
497 401
193 225
721 289
177 337
289 401
105 929
409 513
985 945
633 385
121 849
401 801
201 425
505 457
585 937
553 953
97 225
849 697
721 161
233 641
625 345
857 553
57 729
329 81
273 553
761 729
761 385
849 105
121 481
457 673
857 145
297 393
513 665
793 273
585 657
905 193
873 569
889 665
9 233
529 185
737 105
673 89
705 897
793 409
257 249
73 473
185 641
209 681
873 977
665 65
889 897
417 833
17 809
129 921
633 257
857 289
497 513
889 953
441 161
713 665
921 521
633 489
777 385
129 473
193 273
961 289
449 985
753 769
953 865
617 361
945 601
641 753
281 625
585 369
689 737
1 425
889 705
169 505
897 257
641 745
105 161
641 657
841 473
409 705
145 433
489 449
753 689
153 553
449 913
97 945
473 937
225 985
481 553
153 329
393 577
201 905
505 289
289 473
121 25
865 129
361 513
745 969
313 113
409 737
265 121
561 241
817 817
569 353
217 305
881 193
65 489
953 337
857 993
489 329
697 625
641 25
73 465
209 801
9 961
905 225
329 193
873 785
689 649
993 1
449 913
705 17
409 681
977 497
233 249
513 873
673 473
201 297
121 249
801 9
1 361
145 513
785 265
89 953
49 689
1 681
577 817
177 553
593 193
737 289
105 865
433 913
529 577
921 145
617 361
369 625
81 361
545 569
937 777
89 977
641 809
945 321
57 161
313 937
753 681
305 849
81 377
513 681
673 569
529 985
409 257
521 593
49 121
937 705
657 337
425 985
25 97
481 849
257 521
313 329
529 545
569 257
273 425
849 265
161 761
849 833
313 265
433 57
897 353
529 769
769 577
769 65
993 985
817 177
745 937
153 449
129 473
585 937
65 913
961 9
833 281
233 985
481 209
969 945
305 753
369 585
617 137
889 585
577 465
873 513
529 417
361 905
305 297
401 545
809 273
233 985
625 169
705 673
673 145
521 513
201 593
289 857
921 17
17 513
1 161
177 649
545 497
425 697
929 937
265 721
889 841
209 881
721 385
193 473
281 457
113 841
273 633
833 417
905 985
545 473
641 665
233 777
577 849
601 785
33 257
209 937
601 121
129 521
785 937
681 201
833 505
865 529
689 49
49 313
529 241
857 673
729 505
593 201
137 545
705 449
329 673
41 881
105 705
457 513
177 745
257 9
129 505
249 137
441 225
105 233
257 281
137 553
881 593
489 929
841 689
977 161
681 945
649 137
633 529
825 217
673 713
761 465
409 441
713 585
105 569
9 41
817 905
393 241
329 697
161 849
681 745
321 849
81 25
233 377
817 489
889 825
1 601
369 537
841 769
585 313
209 201
849 897
617 977
729 353
401 289
697 545
977 817
705 33
401 937
297 169
25 545
33 953
345 745
905 601
601 201
529 649
209 489
321 585
793 921
713 465
737 969
257 353
257 33
489 89
65 361
601 657
705 497
473 201
841 457
977 145
737 689
241 121
169 321
905 81
121 137
705 841
33 177
785 977
785 761
793 289
521 921
105 329
929 201
849 833
641 145
561 529
561 777
201 705
81 865
489 681
745 881
793 41
169 473
1 329
561 497
833 953
201 729
593 145
577 185
897 433
225 553
721 649
825 913
193 441
721 201
705 177
313 713
193 777
249 129
641 97
321 273
457 569
857 369
985 641
129 673
113 609
385 817
457 681
953 713
425 953
849 329
665 977
977 593
17 321
393 673
641 473
73 417
633 737
497 89
713 57
345 793
793 929
33 817
625 673
233 881
201 265
881 361
25 857
625 809
873 369
177 41
297 961
857 521
1 593
945 73
321 745
9 97
753 49
777 753
745 977
161 937
985 745
121 665
817 337
649 817
897 769
961 657
169 633
89 177
153 185
577 425
537 521
585 841
745 585
897 833
289 625
265 713
705 65
457 417
489 113
473 569
513 969
457 185
769 609
281 681
113 529
561 633
425 553
161 713
545 241
641 153
745 785
385 225
513 577
897 545
633 49
665 593
49 865
537 953
321 673
153 289
969 593
617 233
401 345
209 633
825 513
465 993
673 897
585 145
361 1
337 425
681 953
889 569
257 17
153 521
961 761
393 689
265 737
177 609
617 409
97 721
817 553
49 241
545 921
73 977
25 737
321 49
313 273
481 217
49 241
609 945
665 273
193 905
409 809
369 665
281 129
257 561
281 905
729 9
545 537
961 593
313 849
217 761
289 433
985 353
537 273
969 921
721 89
17 57
505 385
737 409
105 697
537 233
9 369
657 217
937 985
529 865
921 721
281 217
377 529
873 961
321 145
777 401
1 129
761 369
753 193
945 577
281 145
881 225
17 937
41 41
761 401
593 729
449 233
289 889
193 161
625 625
265 409
569 681
185 785
657 89
945 793
609 185
313 353
33 281
617 161
769 537
433 433
201 153
217 49
97 465
129 513
593 121
633 209
361 337
193 89
377 937
497 361
569 825
17 993
713 849
681 273
393 441
257 497
713 441
681 97
889 249
657 297
561 465
441 313
993 969
665 353
497 697
697 233
441 945
49 761
841 41
249 209
209 937
633 161
289 985
481 921
993 361
89 873
481 737
641 681
657 585
681 785
761 481
753 737
9 969
81 185
841 673
945 721
201 833
889 489
353 993
361 665
265 369
753 745
953 913
577 593
265 745
433 513
513 377
169 129
65 9
265 433
641 649
65 921
713 873
49 689
473 225
625 921
481 457
457 513
697 569
585 657
353 761
625 129
905 561
313 41
529 521
193 913
433 513
393 777
265 529
361 681
385 977
401 177
161 793
681 729
617 49
737 905
833 689
969 705
289 449
881 713
833 153
937 881
89 345
609 449
801 313
577 489
593 545
449 545
321 657
921 913
609 593
57 921
913 865
65 817
57 49
161 465
369 553
649 89
41 249
57 785
425 193
761 505
601 593
457 561
593 881
513 561
649 41
537 89
553 353
713 585
865 977
537 409
641 697
257 209
865 329
41 225
785 713
561 505
625 977
505 849
425 809
745 705
209 233
993 105
257 449
497 697
577 969
153 153
281 769
65 209
833 993
457 1
417 905
729 33
345 25
137 57
961 241
745 825
569 441
105 33
465 713
377 489
425 241
953 89
905 113
561 273
161 481
537 737
913 41
665 209
409 897
593 793
489 121
489 873
505 401
649 921
89 577
25 233
345 961
873 937
209 177
841 185
297 457
97 241
617 289
17 161
305 713
569 289
689 569
25 169
769 881
825 113
401 561
361 9
409 73
305 241
521 729
209 241
657 361
689 353
193 521
337 121
457 233
625 201
425 137
417 881
17 753
729 705
89 865
745 673
425 49
513 129
945 417
721 913
497 393
857 697
57 697
665 729
825 9
721 505
345 777
41 777
769 913
57 449
65 41
17 417
769 625
809 497
241 377
473 137
945 721
609 161
681 289
473 137
537 529
105 969
657 129
