1000 1000
37 33 81 9 81 9 49 73 89 81 85 9 85 5 33 89 13 37 85 89 17 29 41 61 61 85 73 81 97 49 81 65 25 5 33 93 25 45 17 45 29 93 41 65 49 57 89 21 9 17 85 45 93 65 17 41 41 77 65 85 69 93 37 45 73 81 69 29 13 25 53 33 37 5 65 33 5 29 81 29 53 25 29 21 41 73 25 73 93 97 37 53 77 17 97 9 45 57 45 77 25 81 5 5 65 57 37 29 21 85 89 89 37 13 17 93 1 97 81 69 77 13 93 9 93 17 9 33 97 89 89 89 89 41 25 81 85 25 81 5 61 41 5 29 41 61 85 37 49 41 93 21 9 41 77 1 17 37 25 61 65 49 53 25 25 25 49 29 89 29 33 17 1 9 61 89 33 61 85 57 61 73 33 1 57 73 85 45 21 49 81 61 13 89 57 5 33 69 17 61 53 29 41 9 49 25 13 61 33 9 49 85 13 73 41 5 5 33 49 93 17 85 49 85 85 53 5 81 5 73 29 13 41 25 61 69 81 13 9 85 49 49 45 65 25 53 37 1 65 65 89 61 81 61 33 25 17 5 9 5 81 57 37 29 37 21 33 41 13 85 65 13 69 25 97 29 49 49 49 13 25 73 57 93 1 93 49 97 93 13 93 65 93 69 1 41 13 97 37 9 25 85 53 21 77 57 97 41 5 45 29 45 5 45 29 73 25 77 93 61 85 13 93 77 85 77 69 25 89 81 97 81 77 73 9 57 37 73 61 5 89 33 57 13 65 9 17 77 9 41 77 97 53 21 89 21 1 45 85 5 9 1 89 73 53 73 25 25 33 41 1 53 93 45 37 89 61 93 17 17 13 5 9 29 73 29 9 81 85 53 85 33 69 21 93 57 53 57 97 77 41 5 53 49 81 45 9 89 69 37 33 1 65 33 1 1 49 29 21 37 25 13 37 25 53 57 1 81 69 65 77 45 49 13 25 53 93 25 69 49 41 61 49 41 97 97 85 73 29 97 45 1 69 21 1 61 97 89 25 49 33 89 45 13 37 57 5 97 29 21 73 45 29 81 57 77 41 45 85 45 17 1 1 53 9 1 5 97 21 45 41 5 53 13 77 41 1 1 25 45 65 9 45 13 29 57 33 85 5 93 93 45 41 1 29 37 73 69 93 37 69 57 81 89 65 5 45 81 29 81 93 85 13 41 65 97 25 65 57 65 93 77 61 9 9 17 49 29 21 57 17 33 5 65 53 37 77 37 45 61 89 77 37 49 53 73 9 61 93 9 65 25 85 21 1 57 53 49 49 1 17 1 45 25 37 45 5 89 37 25 37 89 5 73 85 57 69 5 49 49 89 9 89 69 29 77 21 93 57 5 41 1 65 13 49 33 73 21 37 77 93 53 45 97 57 69 17 65 13 9 85 85 57 21 53 65 73 85 89 1 89 65 5 29 41 69 25 21 65 21 53 77 97 85 17 25 9 93 21 1 45 33 77 81 93 13 21 17 69 9 37 49 13 49 69 61 45 73 65 41 89 49 73 85 5 49 65 97 73 53 1 49 57 25 17 97 85 21 97 93 77 73 57 17 65 85 45 33 61 49 57 29 1 9 61 1 5 33 97 21 21 1 37 97 9 53 49 33 69 57 37 21 21 89 65 5 77 45 13 85 69 41 45 93 53 21 61 93 93 77 41 89 45 89 81 69 5 49 57 85 1 77 37 37 97 61 81 61 33 65 37 81 21 57 77 37 13 73 57 61 69 45 97 69 53 85 41 45 9 89 45 25 93 73 73 37 41 81 45 49 69 1 61 93 69 61 17 1 97 33 17 61 65 25 21 85 41 89 93 77 1 85 85 1 73 17 1 85 17 37 29 45 73 77 69 53 37 37 69 17 81 73 81 97 85 65 65 5 57 13 97 17 49 1 69 53 61 81 17 41 1 33 97 45 21 89 57 61 53 61 93 61 89 33 5 61 37 5 9 49 37 9 89 77 65 29 21 97 89 81 1 37 33 5 13 25 41 77 1 13 49 37 41 61 5 73 21 77 61 1 61 49 5 1 85 9 73 45 97 73 17 9 5 93 57 77 61 45 85 21 25 45 21 21 1 57 25 49 73 9 41 45 57 57 1 25 13 89 81 21 9 89 17 61 97 41 57 29 29 77 17 5 57 13 41 97 45 41 33 65 17 13 61 73 93 69 21 21 37 65 17 17 33 85 21 41 21 37 85 93 93 77 61 89 73 17 17 37 85 85 
857 505
81 553
753 769
73 329
33 945
849 881
753 569
969 505
329 9
601 897
505 225
89 993
345 425
385 833
505 921
177 449
345 529
569 793
945 857
993 353
585 273
849 465
337 65
705 257
377 521
825 433
849 537
697 297
945 169
505 897
689 969
57 41
753 489
497 161
529 585
9 881
673 961
441 697
33 937
145 785
313 305
833 369
201 681
641 369
273 441
705 81
833 241
345 577
9 513
889 657
273 113
881 889
97 985
1 697
601 449
809 705
833 609
409 697
225 921
969 265
985 241
881 969
673 457
809 849
617 721
497 161
777 777
993 681
473 737
537 753
289 945
177 737
617 321
273 385
545 457
585 905
545 521
481 465
401 305
897 97
921 81
673 297
857 673
129 321
777 129
985 377
329 289
441 593
641 929
41 113
617 561
673 433
721 161
665 881
201 913
449 33
641 889
601 401
161 977
569 377
841 729
321 585
657 297
977 273
697 265
401 41
705 969
265 729
729 649
353 41
313 337
177 929
169 585
465 353
785 961
105 65
225 161
945 105
489 713
41 217
281 713
465 601
441 193
145 393
385 465
369 945
801 9
113 113
337 65
113 113
257 273
937 873
937 57
929 513
169 657
705 217
697 985
921 345
713 481
441 289
185 377
25 441
57 737
337 545
689 985
161 417
489 425
393 577
25 49
809 929
961 409
225 761
657 105
145 897
561 545
601 681
225 705
145 449
89 849
81 177
937 209
657 313
393 833
873 521
505 649
17 481
129 329
569 73
241 985
849 729
625 705
585 585
649 985
945 145
569 625
385 761
801 865
177 761
225 953
665 401
777 553
289 209
817 41
961 561
81 529
481 921
761 185
505 953
537 945
337 537
193 273
849 41
849 97
433 833
545 209
473 353
705 281
321 401
465 209
33 433
769 521
353 737
353 777
289 129
377 897
9 657
209 377
409 753
145 529
73 809
529 761
145 697
401 641
209 57
833 761
969 761
753 233
641 577
305 905
9 617
401 105
137 137
425 449
865 665
201 713
705 985
209 505
449 657
713 689
489 385
649 65
769 441
673 393
217 457
481 473
193 385
977 289
433 393
673 777
585 673
169 153
833 433
449 441
201 177
265 537
985 137
17 465
817 633
89 745
25 977
873 145
281 97
513 121
313 153
681 281
393 697
441 1
201 769
729 169
897 401
321 185
193 649
841 97
9 153
393 89
841 241
921 761
593 401
233 457
985 689
921 793
897 953
513 937
617 457
857 33
953 65
17 745
609 65
81 905
225 321
721 809
801 833
729 761
1 625
721 441
825 49
873 873
585 393
929 521
17 801
65 241
529 233
769 161
89 769
49 73
257 377
385 9
945 713
193 289
425 641
417 105
177 193
993 953
689 385
897 801
705 521
505 433
473 201
297 489
625 697
225 849
289 561
401 953
73 89
593 657
169 993
425 833
81 497
233 833
297 569
9 641
753 713
625 633
673 825
257 737
441 897
601 721
377 337
193 745
825 649
337 617
817 385
825 193
777 241
737 121
177 41
857 369
129 617
329 257
345 617
985 737
193 121
137 281
369 969
57 489
433 753
689 57
401 177
1 681
569 721
505 625
617 721
977 857
865 953
73 921
809 825
489 841
305 569
105 385
281 841
337 529
201 713
641 33
641 929
321 169
65 545
961 889
9 201
777 33
297 449
145 521
241 921
217 481
161 593
209 865
393 241
41 777
793 577
905 33
401 497
449 753
465 865
153 793
873 961
177 241
593 217
985 785
265 73
857 249
249 745
649 985
25 113
961 417
177 513
481 929
425 657
329 353
41 377
385 57
801 809
465 585
881 609
593 545
617 209
145 457
89 865
601 49
249 265
385 961
745 529
1 745
313 825
81 369
25 89
921 969
577 249
673 649
457 889
857 265
521 817
177 465
497 425
545 865
753 897
753 641
897 713
681 889
641 697
993 257
753 89
113 449
329 313
73 777
353 137
121 585
377 617
969 889
121 361
641 905
273 737
505 41
329 529
329 329
673 713
529 361
889 601
105 129
865 529
977 25
529 601
561 209
137 489
601 265
145 169
649 49
161 377
257 625
401 921
977 177
649 665
561 841
265 609
233 569
913 785
769 105
913 753
969 617
337 945
905 449
417 65
313 713
649 441
201 689
305 545
649 409
561 441
473 281
313 793
321 537
249 233
513 121
665 801
529 321
425 81
945 513
785 41
737 713
689 569
233 937
601 801
361 209
553 457
777 681
961 825
417 537
497 81
641 321
673 201
121 937
937 97
25 553
289 169
585 305
945 305
121 201
249 265
849 425
449 625
841 561
537 641
929 873
161 705
561 113
1 953
337 153
817 689
897 753
681 65
905 649
633 425
113 65
537 425
873 481
185 921
761 33
505 833
585 689
297 569
857 857
665 137
577 57
865 105
81 681
665 657
873 537
713 753
129 425
921 889
153 65
249 73
249 689
689 601
777 233
945 673
353 561
225 905
945 873
625 897
505 721
889 417
457 497
769 921
761 809
289 761
969 473
713 953
385 409
281 457
177 81
657 169
41 593
833 897
489 865
25 745
737 17
257 425
777 201
857 481
577 121
361 169
449 401
961 977
393 729
537 753
225 825
969 81
297 537
409 593
233 33
641 313
689 961
913 777
849 817
457 985
849 489
793 881
153 385
497 1
937 769
185 625
809 985
329 121
761 129
841 313
929 577
769 305
913 233
593 49
713 385
457 505
729 97
97 177
729 825
969 337
57 537
209 153
185 217
577 529
521 897
945 161
457 801
881 649
265 569
401 257
729 17
305 785
537 313
65 217
953 97
177 529
225 689
601 625
57 817
425 641
769 49
505 17
449 617
1 265
809 785
681 129
753 457
489 689
769 921
105 665
881 9
673 345
65 473
9 345
425 553
137 257
705 417
433 841
897 433
905 641
153 857
561 473
553 185
545 249
497 361
569 841
105 409
817 585
137 425
193 921
873 721
329 801
337 849
281 433
649 129
409 721
409 113
217 177
905 993
497 353
497 697
809 369
833 345
353 873
369 561
297 449
385 993
993 929
745 185
265 481
281 993
425 977
465 25
745 433
265 369
849 353
953 841
729 17
601 201
585 697
241 489
641 97
297 777
281 521
449 513
625 473
153 9
433 745
17 633
513 921
945 937
521 593
793 825
585 505
665 33
49 177
433 633
377 713
833 385
449 489
449 209
641 81
185 433
537 521
529 153
921 457
385 657
913 217
913 369
777 625
945 801
905 17
665 841
249 489
545 529
905 273
145 473
561 689
257 297
121 265
681 825
729 809
817 97
977 129
289 513
625 913
345 337
569 129
233 9
673 129
745 593
913 769
649 49
121 657
169 393
17 625
689 337
41 481
793 457
713 753
201 217
665 889
129 497
225 841
145 289
761 513
993 993
673 41
577 377
569 57
417 57
913 57
473 105
113 801
657 841
33 489
337 993
137 345
953 521
849 985
105 585
593 369
417 57
49 777
89 841
9 273
913 489
833 129
633 57
9 129
777 625
473 553
425 105
689 153
425 681
865 681
401 857
945 33
961 377
609 897
681 889
313 233
633 561
729 513
673 145
889 881
881 153
745 857
433 705
353 1
353 449
209 681
425 849
329 193
697 345
841 945
729 81
889 9
41 185
529 745
241 409
777 41
449 209
809 649
209 601
569 449
57 169
801 601
641 761
849 105
553 33
849 929
777 697
441 321
57 409
777 649
353 169
601 241
89 505
745 401
297 713
609 401
561 257
177 345
425 337
185 209
945 369
721 849
313 305
937 97
129 441
897 209
537 641
249 665
265 361
9 977
993 257
705 81
465 993
457 217
521 617
705 425
553 297
353 505
569 361
449 681
161 105
105 449
793 617
945 865
401 305
49 305
425 329
265 849
505 633
841 977
417 561
585 113
777 457
265 753
609 905
841 89
545 489
953 977
465 681
777 345
705 129
985 105
1 513
585 81
537 569
409 657
609 809
793 113
705 993
657 313
609 633
513 353
929 481
617 97
833 73
169 881
545 257
161 329
1 913
465 865
305 121
561 705
337 393
1 577
321 353
841 65
321 889
801 281
225 113
489 145
585 345
633 65
753 897
665 857
9 689
737 329
713 689
913 369
201 129
945 201
393 857
449 57
369 9
537 57
65 281
537 49
753 977
25 569
809 113
801 961
121 545
801 713
657 473
593 529
857 817
561 761
953 89
329 153
617 345
145 753
601 17
753 65
73 97
465 865
889 777
25 377
73 649
881 513
985 473
945 353
697 681
313 641
121 841
73 321
569 241
761 473
617 161
601 849
625 553
1 953
625 769
537 1
73 817
81 953
41 297
465 641
81 65
737 873
441 809
729 257
137 985
241 505
249 985
905 345
489 649
945 201
673 497
225 489
33 817
121 513
25 417
697 289
217 129
729 233
145 385
385 681
809 993
617 617
225 865
729 657
729 705
785 121
345 977
553 361
785 641
897 849
857 217
329 849
385 457
553 905
761 209
49 809
777 561
945 553
129 953
993 929
241 97
961 241
177 361
241 465
