1000 1000
21 37 69 81 89 93 65 49 25 97 57 41 73 85 45 69 97 9 29 9 21 85 49 73 41 9 69 81 1 41 5 77 93 49 65 49 13 49 33 41 65 13 17 49 81 65 69 65 21 77 93 45 93 45 33 73 97 49 77 93 49 25 45 49 97 89 9 81 49 13 33 81 89 81 45 57 41 25 37 13 13 37 37 93 97 73 61 21 73 49 21 5 21 93 13 65 73 41 73 41 21 89 77 93 25 5 65 85 33 49 25 49 13 1 21 89 33 57 65 37 1 61 49 57 25 65 45 13 21 77 25 93 73 49 69 25 53 5 93 93 41 57 93 9 65 69 33 5 1 89 21 29 37 13 85 97 81 93 29 77 85 57 17 89 57 37 69 85 1 93 25 49 73 5 29 57 13 57 77 97 33 33 69 77 17 29 33 85 93 5 53 1 89 61 69 85 25 1 61 45 77 65 1 69 5 89 9 17 37 41 65 93 61 17 41 49 57 13 65 57 41 29 21 21 77 49 77 85 49 57 53 9 5 69 25 85 49 73 73 9 37 77 5 41 81 9 57 37 53 89 25 33 33 61 65 5 5 45 45 41 81 25 13 37 61 77 53 97 45 85 77 45 65 9 97 21 57 85 25 41 29 9 5 5 45 5 37 17 49 17 85 9 1 93 25 81 5 9 45 93 1 29 5 37 13 5 1 37 13 81 81 9 41 65 65 17 17 97 81 77 61 93 45 29 13 25 9 61 1 41 25 65 57 49 97 57 69 49 21 33 81 45 21 57 73 81 73 81 53 13 37 5 17 81 89 17 1 77 33 57 77 65 9 21 85 81 17 97 25 9 69 97 49 57 89 65 53 25 73 93 61 97 97 13 1 13 9 97 69 53 93 77 1 69 1 13 57 77 89 57 57 77 97 93 45 65 29 33 93 21 85 97 41 93 41 41 81 41 49 49 61 53 5 21 89 17 61 69 5 49 21 89 61 97 37 1 93 93 69 61 53 17 29 77 61 53 13 25 13 33 53 49 13 49 81 21 81 61 17 97 37 81 53 9 45 1 49 13 81 61 1 13 73 45 73 93 29 33 13 93 93 45 81 65 33 49 89 33 57 81 1 81 17 97 41 97 69 5 49 93 61 65 65 45 81 49 53 25 41 53 25 77 41 57 89 65 61 33 49 77 81 37 93 57 81 89 9 89 73 77 45 57 61 33 1 1 13 41 85 89 33 5 33 57 85 97 81 73 61 45 45 5 9 73 73 61 25 81 25 89 49 41 97 93 29 65 69 65 97 9 89 49 33 57 37 85 41 49 1 17 9 41 13 53 61 25 65 53 17 73 25 89 97 41 65 5 49 97 49 13 1 61 57 53 41 69 33 69 37 49 65 69 69 37 53 29 57 45 69 57 85 33 65 17 73 73 25 5 73 1 53 73 81 29 25 81 53 13 37 45 21 85 97 17 41 61 81 33 21 73 25 85 93 33 57 89 49 85 49 85 21 21 45 9 69 93 69 1 29 61 61 81 21 33 29 57 93 5 77 57 1 5 37 29 65 9 37 49 73 13 25 49 5 65 13 49 57 29 69 93 69 89 65 37 77 89 97 1 89 33 5 53 89 85 1 49 1 73 33 9 17 9 77 9 5 53 37 13 41 53 53 41 93 37 45 69 81 33 85 97 93 45 61 45 89 77 73 29 57 41 1 5 61 21 37 97 73 65 53 77 69 13 81 17 65 93 13 61 77 69 77 17 69 41 57 37 65 5 85 17 93 25 17 65 41 41 17 13 49 25 25 53 77 37 25 25 73 73 73 25 53 53 65 1 9 33 37 5 53 37 17 21 97 49 41 81 1 49 61 5 13 93 69 77 45 69 33 25 9 65 21 65 13 57 21 37 45 93 25 53 77 33 81 13 29 33 33 13 5 13 57 37 45 25 97 77 69 85 53 85 93 57 73 49 17 9 85 93 65 33 81 37 73 5 1 53 77 69 9 69 69 89 1 45 49 57 1 21 61 1 81 81 17 45 77 73 33 89 5 77 33 69 13 53 61 85 41 41 25 53 41 65 49 53 29 77 69 85 13 57 49 61 49 41 65 93 61 65 9 33 5 45 1 57 25 49 45 93 1 57 97 85 21 33 93 93 53 33 45 45 41 37 41 57 69 33 57 69 21 41 21 25 13 33 29 17 9 41 41 61 97 29 9 29 5 45 93 61 85 17 85 49 29 5 69 73 85 65 45 41 33 13 13 45 73 85 41 5 81 73 
121 817
785 649
265 513
25 769
89 89
281 57
273 257
265 33
145 201
169 353
649 81
993 409
513 321
393 921
49 153
241 881
777 689
745 177
761 793
865 513
529 273
585 329
393 1
321 641
321 497
577 937
105 745
449 873
177 393
289 385
985 825
617 745
497 89
297 385
129 633
681 129
521 753
473 473
393 985
697 697
281 729
801 473
785 857
145 513
473 793
689 585
73 337
121 657
129 97
113 281
585 545
785 233
161 345
193 905
961 513
921 169
817 521
705 273
873 425
577 609
185 865
217 657
793 473
745 497
513 473
9 409
713 273
817 97
689 25
177 913
281 721
241 681
537 73
225 689
321 465
65 329
385 209
873 809
977 489
201 833
969 665
641 761
801 505
345 153
609 145
505 89
385 769
105 313
817 905
145 377
721 289
489 593
265 233
841 353
641 65
233 233
641 633
153 697
801 313
337 785
441 937
121 769
65 393
553 673
633 289
321 673
161 241
961 489
673 393
745 313
561 17
449 305
25 953
225 321
281 641
577 873
585 657
497 761
185 225
889 889
1 537
161 513
937 465
817 89
337 705
921 153
993 689
513 329
505 953
513 977
265 865
889 617
337 201
305 281
49 161
241 449
905 521
545 881
81 905
665 89
681 457
721 537
417 561
889 537
49 601
793 281
153 129
553 713
273 489
769 289
529 961
137 929
129 753
737 633
593 33
993 9
337 921
1 985
97 49
97 553
281 825
385 161
785 641
377 473
689 849
353 113
129 889
497 401
305 233
9 625
513 753
561 529
433 57
201 673
49 593
121 953
241 65
113 281
265 337
201 873
577 993
601 657
361 905
169 953
817 969
713 297
849 545
417 153
945 265
137 697
9 41
145 113
257 337
385 145
401 625
921 145
233 721
137 337
841 401
929 769
937 97
809 193
641 209
9 673
905 65
769 521
809 793
537 425
713 281
817 1
705 41
233 609
721 473
657 169
153 769
81 457
889 521
673 561
73 81
177 769
465 97
705 521
681 665
1 73
777 281
209 273
793 889
721 377
513 81
873 617
617 897
193 481
521 641
121 425
193 201
457 385
593 777
697 609
33 593
737 905
601 873
33 849
785 905
937 753
209 817
745 809
121 377
657 729
193 129
153 353
489 233
81 721
745 905
401 937
41 881
497 49
761 641
241 137
769 825
193 897
393 409
969 25
993 97
665 713
225 177
209 481
417 113
905 65
601 897
529 105
545 905
641 33
953 81
801 545
401 345
961 161
497 329
529 777
761 377
465 201
553 593
273 257
873 977
553 25
257 753
129 9
65 801
409 569
985 377
881 953
945 801
473 817
649 33
681 225
161 137
1 921
169 297
913 33
681 217
801 513
761 617
1 129
913 265
785 361
497 993
73 689
297 321
529 433
89 297
225 993
561 529
417 521
585 929
801 305
977 737
361 481
449 257
817 49
849 41
633 609
73 9
809 849
257 505
513 329
17 601
313 521
65 905
577 881
393 545
961 241
761 361
505 785
545 849
129 593
129 657
793 329
521 849
361 705
129 313
417 721
977 985
729 121
553 145
81 761
177 345
89 745
409 489
929 233
89 185
673 521
409 177
49 1
497 729
721 337
489 945
617 609
41 105
249 409
665 433
753 985
513 281
833 73
393 713
233 257
313 145
585 513
825 737
33 25
753 441
553 129
409 921
553 793
297 257
321 681
417 617
177 697
49 153
977 481
857 993
665 313
561 553
689 209
273 1
385 889
585 57
937 609
577 873
265 321
353 425
833 769
497 777
33 473
265 113
321 161
689 289
513 817
473 785
913 929
657 65
657 849
177 137
457 745
433 153
713 569
937 377
961 209
457 193
697 337
689 625
745 289
865 225
289 673
569 961
705 873
217 153
753 273
705 121
49 177
73 593
193 273
897 889
449 753
289 441
473 273
905 505
137 577
745 257
729 73
89 721
785 601
465 897
737 993
761 129
793 257
177 977
225 753
33 865
161 753
721 697
297 393
577 713
233 905
185 377
673 73
561 257
417 593
409 889
945 297
353 969
545 105
145 561
921 25
369 681
569 9
217 841
689 793
1 897
609 609
81 169
481 81
865 169
49 929
33 321
361 729
849 257
473 521
833 737
761 329
345 329
457 385
41 777
737 297
545 217
25 449
593 57
609 633
537 441
265 601
521 617
9 89
601 97
953 905
113 785
417 793
121 489
49 561
537 881
161 89
337 49
913 633
89 657
977 113
697 913
905 737
33 401
665 673
577 73
113 937
81 761
353 1
545 585
321 89
337 425
673 273
329 921
489 609
609 225
433 577
585 65
177 977
889 593
441 329
305 553
57 1
145 17
33 665
313 961
761 353
425 449
505 273
889 809
145 337
121 273
49 161
393 233
305 65
185 417
737 633
993 353
561 593
513 801
609 817
217 241
457 593
441 889
865 881
801 265
81 377
73 257
465 625
601 961
825 353
121 289
585 249
473 105
985 377
729 497
801 921
425 961
921 881
737 345
777 569
737 465
481 801
673 185
81 729
745 17
817 633
161 201
945 97
593 185
601 361
705 249
153 417
33 881
505 225
169 225
433 473
297 329
169 617
441 577
985 577
841 977
969 641
913 65
769 57
961 697
457 625
161 41
241 521
321 201
873 449
753 793
249 985
857 865
17 777
161 577
433 873
729 673
153 113
849 137
977 401
897 745
209 457
17 153
233 721
753 577
65 777
353 81
377 353
449 553
105 809
721 97
841 809
369 49
385 537
345 929
273 585
545 225
1 89
633 361
921 641
249 241
833 785
329 721
449 145
329 129
929 641
849 281
489 137
73 793
521 697
753 889
369 97
337 249
577 689
129 777
369 625
513 449
713 873
145 281
241 233
233 17
425 385
201 641
777 57
273 921
665 657
49 665
761 913
17 673
465 897
441 609
761 409
537 265
145 65
873 825
817 529
425 977
777 553
681 417
377 537
585 721
233 185
57 905
41 929
257 41
273 505
633 1
977 153
201 569
49 113
977 9
297 313
881 225
481 65
889 785
713 401
385 465
417 929
401 321
537 169
681 473
785 433
9 521
393 937
201 729
193 617
473 433
305 121
633 593
105 417
393 49
777 153
993 345
489 937
969 953
465 745
561 641
593 713
41 385
513 673
953 521
417 313
1 721
393 345
601 129
641 345
305 585
921 769
321 129
801 137
329 49
905 201
225 201
937 185
401 889
169 953
865 513
449 617
177 369
697 337
289 225
345 161
97 65
457 273
401 73
9 457
609 481
161 289
593 857
473 697
841 977
289 801
529 913
881 777
881 665
393 65
857 297
361 177
57 721
657 49
617 81
257 809
913 889
41 369
297 993
257 201
273 785
457 33
185 481
233 89
137 433
945 865
345 169
505 921
361 529
161 401
473 265
593 401
313 385
601 177
257 145
569 225
817 577
929 545
833 561
721 321
769 665
849 289
857 513
9 57
833 785
265 465
657 65
249 257
617 337
737 585
49 129
361 9
393 257
377 201
785 345
785 513
169 849
489 481
673 393
145 457
529 561
889 529
785 729
425 105
369 881
1 617
833 977
793 257
993 761
977 353
217 73
665 777
97 369
625 513
897 449
1 1
409 817
593 905
377 953
977 481
153 393
41 617
425 337
609 889
777 785
897 505
681 433
425 209
889 481
793 577
753 769
977 609
401 225
153 865
825 889
537 161
49 737
433 993
289 441
929 257
577 561
297 761
121 33
161 601
17 769
801 257
57 953
745 377
537 113
513 65
993 193
9 729
113 17
449 905
945 601
953 33
129 585
433 673
201 161
625 993
113 217
257 161
97 329
561 769
689 409
249 593
809 617
945 841
305 233
817 345
969 713
721 17
569 921
961 921
705 281
873 161
425 177
353 553
929 697
889 265
529 113
921 193
209 953
913 297
449 617
369 217
17 649
521 121
1 665
121 513
361 985
641 489
761 961
809 793
785 241
673 377
593 113
793 193
825 41
153 265
513 601
393 393
73 777
889 833
905 977
193 305
65 401
377 505
305 753
953 89
657 529
337 633
433 241
753 449
769 977
553 729
89 681
169 529
201 401
33 113
561 313
81 585
489 553
73 873
641 65
425 145
321 177
745 825
761 353
385 849
681 969
745 305
217 889
377 9
521 977
345 497
753 201
409 129
129 233
505 1
961 513
473 25
241 185
9 193
961 241
265 257
81 137
369 257
241 385
89 369
569 945
721 457
297 297
577 337
833 961
649 705
785 801
761 713
193 601
553 553
457 297
65 537
441 825
185 785
265 865
841 745
641 65
641 113
217 793
1 929
569 65
601 337
905 977
393 217
353 385
873 617
105 873
625 241
825 881
521 729
1 985
793 121
745 673
793 281
273 841
897 393
257 921
369 225
425 49
425 337
505 953
889 17
329 961
537 713
345 481
121 41
137 41
873 809
481 385
985 129
193 465
409 793
505 161
265 409
441 329
113 529
993 465
617 385
529 113
729 953
705 377
449 545
921 121
161 377
969 841
889 161
209 185
841 497
705 529
321 865
825 785
73 641
