8289 75520 58512 74820 2487 90814 80379 11972 47920 96761 18567 92242 690 44031 61449 7810 42566 19462 85369 16642 18435 22848 45324 96430 12623 34309 13249 32589 80752 90128 64188 95204 87565 77291 89333 97040 32522 14484 65534 68963 28773 11481 59757 26981 35057 97033 62510 98162 1937 44642 73943 99824 99434 26117 42129 87280 22375 55376 17161 78800 69551 28398 547 56582 70249 33503 67225 68505 50985 3343 92751 3715 44073 42527 30480 73366 93489 43965 39604 21159 88886 15238 54451 55522 90531 86896 61922 31312 77485 37134 2333 95042 10797 39219 18588 81847 87476 33678 21794 82501 88646 35555 68430 31551 8599 28094 57200 48157 24376 27636 24906 40736 72770 12381 51431 95030 72519 79986 8248 71688 13673 91013 39247 32432 88305 66749 10498 34138 77672 10979 36046 50139 24656 70856 15558 17025 67226 57545 1375 63460 34234 92589 59162 20933 33397 23600 60234 64441 99334 49238 19479 26793 51943 26541 87444 26211 34856 12184 28851 99028
423
query 95 121
query 21 74
add 19 22 369
add 105 125 34
query 35 157
add 64 146 21
query 6 62
add 140 143 225
query 34 80
query 30 47
add 37 72 391
query 11 159
query 75 142
query 54 58
add 31 130 -986
query 84 109
query 8 152
query 28 143
add 63 102 -917
add 40 42 358
add 5 119 -8
query 22 135
add 112 137 -344
add 27 136 881
add 115 133 976
add 91 110 359
query 32 76
query 48 121
add 46 79 -708
add 106 121 88
add 2 42 -115
add 76 108 477
query 90 94
add 29 88 603
query 120 151
query 66 159
query 46 81
add 41 148 485
query 18 36
add 58 104 -451
query 67 72
add 10 105 612
query 7 107
query 14 140
query 78 117
query 143 152
query 53 69
query 34 157
add 53 82 437
query 53 78
add 74 112 716
query 7 12
query 26 65
query 15 107
add 18 157 -722
add 12 38 -425
query 77 131
add 67 121 -210
query 40 70
add 76 95 -976
add 33 76 -974
query 21 52
query 25 137
add 122 132 -984
query 16 18
add 20 112 138
add 94 143 898
add 24 137 766
query 110 156
query 40 122
add 34 98 701
query 115 143
add 41 97 855
add 89 116 628
query 11 110
query 40 69
add 43 54 -827
query 71 96
query 12 70
query 3 108
add 43 96 736
add 54 93 -216
add 40 156 443
query 134 148
query 41 125
add 32 35 448
add 6 36 918
add 56 138 65
add 67 98 548
add 50 63 -700
query 63 100
query 10 101
query 37 157
add 52 157 -301
query 65 117
query 55 108
query 35 118
add 99 124 672
add 19 42 -416
add 61 158 783
add 2 34 200
query 24 158
add 62 118 38
query 0 150
query 79 83
add 32 126 -295
query 102 154
add 100 133 -887
query 101 121
add 43 69 947
add 1 90 178
query 22 109
add 41 111 -838
query 13 24
add 8 46 65
add 25 52 863
query 35 53
add 87 106 899
add 33 89 -456
query 13 69
query 40 47
add 27 99 763
query 23 31
query 112 141
add 30 44 -292
add 79 134 349
query 41 56
query 66 118
add 30 148 24
query 49 124
add 72 116 -148
add 25 126 459
add 9 54 617
query 20 73
query 103 132
query 5 145
query 46 132
query 99 132
query 83 102
add 1 12 -384
query 1 130
add 7 55 -639
add 28 139 -735
query 77 143
query 55 138
add 20 157 -715
add 80 158 -995
query 69 149
add 88 108 -229
add 9 128 -705
add 67 85 -698
query 113 124
query 71 133
query 107 135
add 73 113 79
query 82 151
add 33 131 535
add 7 97 -482
query 0 74
add 2 24 -843
add 71 149 88
query 127 141
query 120 124
add 96 131 -77
add 67 88 -332
query 51 138
query 4 39
query 19 147
query 36 145
query 62 86
add 67 119 35
add 59 98 280
add 74 140 571
add 32 104 -897
query 126 126
add 25 153 -47
add 0 27 -602
query 25 32
query 10 95
add 20 140 -460
add 87 145 139
add 58 121 168
add 68 124 144
add 25 25 237
query 24 54
add 65 125 -226
query 68 148
query 115 147
add 105 106 489
query 124 136
query 14 73
query 101 144
query 8 85
query 89 92
query 13 61
query 25 140
query 37 80
add 41 142 346
query 21 98
query 14 104
add 64 80 727
query 6 64
add 70 132 -888
query 84 114
add 56 134 345
query 81 91
add 79 159 -451
query 79 121
query 18 158
add 4 109 -610
add 10 64 -454
query 19 107
query 51 70
query 70 95
query 78 154
add 0 50 -219
query 49 104
add 41 120 955
add 38 87 -377
query 7 94
query 83 140
add 47 84 706
query 102 154
add 86 144 -819
add 86 107 712
query 32 71
add 47 147 97
query 78 139
query 0 96
query 42 144
query 34 57
add 73 106 -697
add 117 118 -806
query 9 75
query 67 98
query 95 106
add 86 144 -146
query 46 86
add 120 141 -58
query 26 52
add 56 106 956
query 87 138
add 98 103 -308
add 76 142 -956
add 120 125 -855
add 67 153 -253
add 6 28 212
add 76 110 -55
query 66 117
add 14 70 -766
add 34 94 615
query 62 119
add 6 130 407
add 89 94 -97
add 81 95 940
add 8 151 580
add 93 108 -864
query 35 116
add 36 83 872
query 11 30
query 74 110
query 3 97
add 62 122 -66
query 34 139
add 29 63 528
add 85 129 262
add 48 130 -151
add 113 120 600
add 94 137 499
add 47 57 848
query 54 129
query 122 142
add 13 78 -904
add 28 117 21
add 141 156 -857
add 47 85 439
query 25 94
add 127 139 -276
add 43 56 -484
add 59 133 -166
query 96 156
query 70 121
add 36 103 638
add 80 154 -662
query 52 62
query 20 112
query 36 107
add 125 146 -1000
add 34 42 939
query 91 152
add 0 127 647
query 107 156
query 3 55
add 16 146 795
add 117 140 -291
add 90 143 802
query 75 125
query 9 46
add 69 115 -851
add 100 138 -378
add 126 128 -758
add 44 115 763
add 86 141 532
add 71 100 159
query 38 68
query 71 150
add 22 102 654
query 90 118
add 9 60 -841
add 49 121 -478
query 129 150
query 114 116
query 69 124
query 44 128
query 7 42
query 157 159
query 111 136
query 89 120
add 18 23 778
query 44 56
query 49 109
query 63 132
query 98 112
add 87 110 -529
add 58 138 425
add 59 130 -246
add 111 124 455
query 28 87
query 2 97
query 63 114
add 2 70 -616
add 83 85 -248
query 11 24
query 35 48
query 46 56
query 2 70
query 1 6
query 43 94
add 110 140 688
query 3 16
query 42 81
query 47 49
add 55 63 208
add 38 48 160
add 24 109 625
add 79 90 931
query 83 129
query 34 115
add 27 131 -442
query 3 114
add 16 73 -717
add 98 122 666
add 38 80 -257
add 52 121 -987
add 90 121 299
query 19 157
query 126 153
add 91 143 -160
add 2 36 714
add 13 134 89
query 91 114
add 5 18 -256
add 146 159 604
query 49 67
query 33 36
add 116 143 451
query 25 74
add 40 70 -607
query 24 119
query 26 125
query 1 147
add 60 109 -990
query 48 91
query 47 141
query 97 104
add 30 67 538
query 49 71
query 51 87
add 58 80 -385
add 7 101 -180
query 65 147
query 12 133
query 7 98
query 91 124
query 55 115
add 15 99 -26
add 19 124 -784
add 0 28 615
add 29 89 827
query 11 68
query 50 54
query 16 119
query 17 76
query 4 76
add 91 118 865
add 89 135 184
add 18 85 954
add 21 60 -190
query 152 158
add 71 93 777
query 56 157
add 47 158 -348
query 61 63
query 43 71
add 11 51 988
query 7 11
query 18 83
add 24 111 65
query 0 72
query 6 23
query 53 86
add 25 141 327
query 25 155
query 0 127
add 25 71 -741
query 76 132
query 71 78
add 37 69 -281
add 56 156 225
add 12 88 -54
query 2 58
add 55 118 485
query 40 119
