32734 68482 58187 48495 23543 24269 55177 22543 56567 72518 19479 33180 34766 66246 10777 54385 51693 23750 75030 68611 99047 37701 92668 84124 8744 25076 97524 38287 69203 49021 5305 43210 40286 83541 90107 62648 60519 96291 1616 3059 28250 34840 19858 16079 36899 9863 87972 37188 42669 60 13808 52241 54827 90115 33788 33505 32715 99758 40242 94272 9133 45427 97977 91428 46939 42023 60992 65243 15218 74179 23432 81193 96170 69098 17559 97497 88534 8272 68704 73328 98340 82407 75041 71154 50152 66441 27249 12402 16850 33384 40023 23384 8300 32600 58020 68695 43726 3304 12098 30463 42891 99101 88297 60511 28579 92300 39577 95951 6013 77438 13879 19658 54290 52412 70890 80132 64861 66964 55215 73560 60983 47502 42176 15619 77493 70864 85801 61006 82646 12199 9133 11501 39723 34747 89015 45753 12426 15183 45673 60489 53846 51804 76184 68676 43518 4511 3068 59984 82204 18580 33571 71210 93484 39391 93765 42161 12971 30374 97564 90745 8734 6539 65059 93213 13159 86667 74698 21183 20147 5192 58580 30222 75173 73661 41698 20535 57342 39461 7076 52453 52371 55193 77182 16661 75921 91469 31879 8811 61332 72603 37215 32590 54809 98337 94259 6229 2107 36608 61644 79501 69392 38592 87910 21007 86421 64748 89102 88094 92400 80322 6451 64705 11075 30942 43263 53424 51114 60153 38867 7306 58391 33802 33480 45325 81114 46166 54527 68149 74244 99346 74587 84917 77660 12600 80001 20115 77328 27550 73216 95032 96008 43831 7730 83868 77300 30771 67445 51429 53488 92748 68808 80706 30963 98002 64314 23343 95720 14392 55867 77445 9818 43549 14602 51964 62055 39337 32848 55398 94896 24839 97326 17290 20342 85174 54373 21250 7324 8176 85818 33382 18754 27678 33106 76690 46388 19054 75656 92088 47369 1496 90814 40470 32757 15031 59730 20541 85185 65583 81980 18410 59231 73492 18794 71345 99225 66707 9897 1222 91598 9836 72580 50747 8322 29308 23496 43803 54359 96822 97561 59690 6765 65138 46766 76367 5032 67030 84637 35762 93715 36212 15340 76314 74749 30601 86799 20663 88839 97918 89177 26448 22028 94350 90293 29206 72989 28818 30358 51981 60771 30804 7703 15564 22601 91125 55912 59 56239 25205 32768 76283 52106 73234 32154 97559 44864 79952 28886 82380 44857 73567 76842 34104 57658 79962 35683 13294 51399 94467 34667 36119 95656 81982 19709 1126 51732 48106 5168 23455 92267 30309 34005 50446 45696 50169 53593 43849 89815 83872 18920 37824 80365 58389 11888 40785 98462 51062 27570 3450 77912 53331 21740 14291 40063 8622 3949 52700 96878 78882 98905 44183 64390 72941 20582 44543 9576 99524 61559 75565 89561 51893 33573 7743 48973 10807 75897 99685 69989 99041 39760 93577 98748 20110 39383 15367 43444 5266 59505 50219 20825 27706 7989 95943 62775 74351 91819 12999 99103 43649 81400 11583 2012 43016 67164 65206 96840 54573 30639 19356 5258 49895 34255 70887 34343 80378 70938 95609 34190 31328 61638 16047 17063 35698 66662 8768 69708 63484 32437 46122 99019 3988 44370 56170 94713 93007 90599 69145 7976 33290 22297 56139 65472 77989 94250 32211 95468 80553 84792 70454 32692 36154 97658 8851 2806 42425 90658 6100 33858 63693 74900 76838 74629 49822 59839 55322 1434 84137 88559 18111 22224 28543 93134 32775 64810 35109 93747 60725 92769 53143 75238 79031 61435 50282 73083 12112 12872 68833 88296 6500 85435 94924 41978 12635 93880 22705 13234 43000 10965 82794 47093 55637 36496 94717 24543 76950 70788 56326 13239 80569 44201 73842 21839 64269 46886 11485 4783 21737 67722 54228 32346 56290 36428 52208 54700 85176 78261 21602 13318 10451 52810 84824 69663 67255 88709 39969 79048 80864 5562 62446 56261 65622 12703 82242 75496 39950 2036 94832 55357 34151 31424 97661 54452 5768 8055 80063 57117 75842 34316 24832 38878 42098 89275 83071 73448 29189 2993 65345 97045 63823 91723 60949 99400 82222 40536 97100 77477
153
query 301 491
add 360 619 330
query 26 413
add 186 427 -157
query 28 294
add 227 483 -311
add 78 483 404
add 483 602 -919
add 125 151 -220
add 180 227 -202
add 206 389 650
query 438 448
add 289 538 151
query 486 591
add 475 554 -269
add 243 606 356
query 119 200
query 225 277
add 45 430 -909
query 152 402
add 295 363 16
add 107 316 -755
add 167 279 -644
query 482 503
query 115 330
add 340 577 416
query 88 266
query 212 507
query 542 624
query 163 420
query 149 301
add 206 389 245
query 191 285
query 12 90
add 457 628 -143
add 214 631 86
query 326 580
add 332 391 431
add 56 460 379
query 113 148
query 59 604
query 4 354
query 266 287
query 24 581
add 330 336 970
query 447 594
query 174 553
query 268 340
query 5 619
add 409 544 -655
add 7 158 350
query 141 371
query 501 521
query 585 589
add 232 266 483
add 337 452 -4
add 328 480 -396
add 239 520 -116
query 92 276
add 509 545 380
add 217 383 308
query 201 584
add 97 555 402
add 383 400 254
add 423 491 -699
query 280 326
query 81 590
add 426 602 -812
query 353 512
query 257 458
query 320 588
query 348 369
query 250 418
query 513 632
add 16 200 -261
add 59 355 379
add 266 439 857
query 372 469
query 92 461
query 38 100
add 436 459 192
query 283 444
query 191 417
query 281 320
query 42 629
query 70 119
add 370 388 5
add 72 206 -985
query 174 215
query 267 350
add 586 630 580
query 42 401
add 358 419 824
add 142 284 980
add 110 218 -964
query 256 407
add 240 330 -785
query 264 330
add 131 293 -446
query 540 594
query 436 575
add 112 280 -189
add 2 399 436
query 123 150
query 144 171
query 7 511
query 94 122
query 217 388
add 302 396 722
add 198 264 -516
query 462 490
add 154 611 592
query 379 554
query 85 615
query 422 458
add 310 569 -451
query 106 355
query 24 132
query 174 511
add 366 532 -551
add 417 443 -683
query 360 576
add 355 495 398
add 477 613 385
add 579 624 91
add 352 401 -438
query 34 145
add 6 292 -445
query 532 634
query 194 355
add 322 565 607
query 3 448
add 156 396 733
add 273 383 -803
query 63 456
add 135 579 425
query 236 524
query 75 174
add 61 535 199
query 93 609
add 553 603 -417
query 71 531
add 209 622 -792
query 142 450
query 88 377
add 46 410 -320
add 65 305 792
query 298 580
add 154 588 682
add 131 157 266
query 34 338
add 253 464 49
add 234 496 452
