7220 31390 7133 17310 10002 13568 18695 24428 16642 6500 5762 21322 27582 13419 26872 4484 12146 4197 30985 10641 29131 23 761 2292 17233 1724 7845 17248 5880 329 21436 9759 6129 29941 15915 6837 4550 9977 22233 7360 7846 24980 13461 18210 4094 2643 22861 15458 17737 28047 24448 28240 25896 25399 7157 2280 11445 12496 1966 1145 18708 19641 1560 8967 28492 26292 23428 23789 9813 22946 26586 198 30579 27278 31116 2702 30914 30957 19658 30213 26129 1060 2805 4180 15347 10827 24149 3315 2324 1073 28174 25034 27082 672 22096 11927 25068 12514 28879 13199 2279 131 371 6984 15374 601 6992 7126 19250 12482 20952 13109 21363 12077 2639 743 15445 8924 384 3805 2839 2280 22959 25499 64 11653 17614 26520 13178 10375 7924 23523 8611 805 3338 20492 24866 27389 29640 3394 28791 5721 23264 15545 21270 15793 4216 19791 28790 20081 8414 23662 26981 15099 30327 9780 22430 3056 13817 16593 11165 5804 10970 10033 7346 32015 22537 22236 24405 23171 219 1306 5561 16954 15944 12122 11940 29368 29783 2772 9853 25234 15319 5998 24231 2677 5200 23004 32525 4201 29241 268 5630 14423 32107 31425 27196 15817 5078 15230 13135 31474 25715 15781 11295 238 13945 31712 13250 1355 12500 27328 28819 18631 13779 13732 10628 23387 10017 17117 18869 24953 9718 17167 16965 16019 9102 20442 15976 18652 21979 23994 23993 27218 25719 1324 26834 21244 25052 26387 13338 8304 25815 12377 9439 7833 22074 217 3237 1463 18130 14717 20157 22951 24984 30115 1049 20069 20011 13254 4446 21967 6014 29018 25403 15020 27342 15863 17658 27884 17112 2490 1364 25393 21320 13033 23946 13711 18548 5845 20145 21904 12106 10757 26957 1916 6535 23440 13090 215 21035 18379 8007 20522 13865 32292 19580 29191 1378 24142 32189 14151 16340 20639 280 24726 25359 23990 30907 4914 7145 26976 14929 2799 16499 5309 14479 11647 9772 2974 11017 25328 10356 16690 26699 22390 29507 24546 9765 2667 26138 28793 5190 20116 9018 31880 1292 8102 7957 12297 6299 28936 17410 15938 7725 23003 32308 3564 8105 16952 17389 28821 19318 30136 28143 26947 12433 16186 29748 18010 221 29152 25310 4799 19899 859 7025 8766 29403 7017 13888 15657 9042 15515 6181 12098 19692 27228 4213 15835 17859 28719 4915 18748 30736 11832 25476 7493 66 3838 16995 13653 29005 2671 30102 30570 13125 23077 15073 10889 12331 17127 31609 11360 17159 6003 21435 10794 7478 22650 17182 24787 5638 5613 6247 10332 6272 30071 28188 20098 9093 587 19258 1178 4125 10783 15402 25792 4619 2936 30706 21040 9893 31017 26025 14580 26082 22294 5677 28864 27061 13374 1560 18202 16281 17913 15343 29885 6253 10365 5789 576 10883 2215 24608 24563 31220 6905 30851 13578 31542 991 11532 10749 17392 5430 4022 12846 15884 1294 25313 6349 4366 431 27977 21752 13733 18139 18997 26919 26496 6227 2545 20936 26979 17821 13949 18214 20346 6915 4231 22159 17389 25567 6295 5814 31156 25110 14474 31574 16813 24291 8513 3096 30188 14550 12442 695 12114 4892 29599 5218 31073 2560 6398 27234 30798 4274 26554 3580 13656 23623 3615 19353 1369 2 23803 20772 15771 7890 17163 2996 10988 22043 7348 2155 32501 17849 11251 23710 10183 22851 19607 22837 17847 13964 14510 3413 13164 30064 28989 23613 21558 1229 7988 10862 7329 24783 160 26127 2379 32369 13859 28303 30706 4160 1185 8076 5841 2146 24381 756 24109 31704 19844 28266 18475 19200 487 4075 15076 13150 13423 11697 22715 11931 5548 7511 10991 17102 28143 13887 23148 10235 15545 17201 27367 26329 27762 14148 11305 21721 28254 10754 21931 4451 21198 24263 100 26723 12691 23402 29407 15876 30392 21023 29584 26555 26481 25244 5480 5768 29518 30331 12967 13945 9652 15584 2546 26479 19342 2395 12709 29476 8512 6672 21866 25709 7388 2325 29195 9149 10393 27931 900 15595 24961 27985 22877 12853 11881 19589 1334 132 17190 12172 6052 14578 25598 8933 7995 21385 32093 9113 7660 8013 25545 12133 26770 29565 20504 8219 9415 1559 27617 22086 22780 2970 560 30477 17097 1039 10366 16730 26497 22858 29664 15931 4874 12910 3710 20616 14571 8367 16711 26566 27559 2396 17891 23115 24138 28956 29929 10915 9281 3192 9299 15411 9070 14745 18991 15132 27772 18259 14231 15202 28016 11619 32738 21326 12929 6645 24604 13584 10538 30826 15028 2985 6525 21847 31605 7944 18874 17361 30647 883 32 10216 7895 22569 22275 2673 3812 22854 5919 23049 24987 18662 3116 15702 17814 29581 1971 23184 14272 21447 1567 14400 28940 6411 10775 6984 23655 5605 523 1572 10475 22869 19469 15727 19541 30578 11235 30121 2489 17746 1882 3639 20596 3118 31965 32171 1891 30658 10309 21318 6226 17395 10739 29115 20407 28084 9244 26422 25761 27434 8805 1693 15595 12046 8112 9750 16821 31572 7733 9929 22548 18186 1492 10727 21001 15234 15529 5867 27568 3251 11746 22304 10426 12509 13005 27235 9757 15212 4661 14634 13322 24351 2543 18373 19488 23401 5808 12004 14303 22808 28194 32090 31583 31284 24374 26400 22594 8490 3259 26013 31975 13097 13872 11556 13280 22989 726 7103 10151 2043 778 1323 3724 17932 23506 35 21234 2349 20662 6370 3003 6661 8145 3299 22785 20121 25639 29675 30983 7021 29241 31305 10607 16364 25303 4188 10413 4618 16438 13143 27579 11560 2370 13121 23566 2104 32565 6720 12746 14113 29033 6422 15922 23397 31594 7404 14946 2049 26960 29263 28224 7317 13900 6520 17328 23492 22912 12240 6663 16606 21780 4787 28099 22716 15238 8052 10361 8684 8001 13474 11534 14351 8306 22666 29738 20094 3351 10493 19690 15924 18264 30804 5589 10984 26139 15280 530 889 17363 11911 16088 24975 28568 20316 3365 3200 13437 6605 9139 9072 11038 8659 27944 12989 2424 29766 30348 14490 9470 24735 8705 23801 23273 4098 29102 24751 21199 3452 32509 2002 20343 9097 29190 870 492 13017 3403 7737 4816 26195 8613 12556 22003 26715 32382 8691 23588 32080 12865 29439 22343 10073 12047 9241 
1000
query 163 177
add 494 512 -553
add 621 921 -859
query 257 530
query 630 710
query 87 863
query 485 626
query 380 383
add 299 835 -77
add 23 460 -620
query 459 475
add 557 988 910
add 193 623 951
add 75 534 978
add 435 679 646
add 23 105 -630
query 585 732
add 643 739 93
query 51 470
query 573 711
query 588 803
query 28 517
query 244 264
query 447 746
add 163 769 867
add 55 219 -475
add 710 839 162
add 119 393 -823
add 440 966 -193
add 210 710 179
query 588 894
add 398 405 866
add 357 761 30
query 354 611
add 624 661 370
add 24 154 321
add 613 698 -442
add 754 773 -325
add 476 966 -228
query 566 764
add 175 856 210
add 455 840 932
add 862 875 -535
add 53 583 425
add 53 218 253
query 107 867
query 24 649
add 319 778 -304
add 17 754 -468
add 98 174 -550
query 654 865
query 162 647
query 560 907
add 230 897 -433
query 550 568
query 322 410
query 491 879
query 224 499
add 701 718 -571
query 527 831
add 339 670 -381
query 349 894
query 240 644
add 7 591 238
query 578 911
query 904 907
add 263 301 -733
add 69 859 -850
add 589 833 401
add 210 583 -771
add 225 362 -165
query 708 857
query 163 282
add 95 979 -618
query 299 950
query 83 326
query 52 84
add 267 566 259
query 702 915
add 87 781 -421
query 131 863
add 380 515 24
query 641 671
add 305 529 280
query 22 123
query 66 860
query 53 179
query 198 797
query 74 119
query 147 978
add 146 347 833
add 723 803 -319
add 282 866 839
add 530 900 304
query 258 966
query 512 908
query 26 78
add 290 796 603
query 465 931
query 573 896
query 23 517
query 719 887
query 465 637
query 332 894
add 97 895 -597
query 47 145
add 45 370 -88
add 99 940 -505
query 428 854
query 13 34
add 615 828 -193
add 554 671 601
add 571 716 632
query 312 866
add 929 944 84
query 152 398
add 252 950 436
add 501 889 408
add 379 933 531
add 280 519 501
query 71 467
add 111 892 -646
query 6 450
add 205 283 -177
add 839 886 -666
query 749 767
add 410 732 598
add 343 453 -232
add 474 842 -667
query 162 920
query 428 440
query 224 407
query 47 190
add 459 619 226
add 752 919 -646
add 349 725 -67
add 96 663 -131
add 462 791 895
query 640 906
add 200 823 934
query 41 217
add 426 534 -639
query 607 829
query 352 381
add 63 398 -8
query 509 960
add 242 553 420
query 72 770
query 579 620
query 95 967
query 141 569
add 709 807 557
add 104 367 408
query 49 839
query 80 196
query 99 325
query 78 232
add 445 714 -904
add 700 715 528
query 109 178
query 137 983
query 115 499
add 607 758 80
query 133 793
query 382 945
query 168 385
add 544 901 335
query 531 994
query 285 406
query 369 747
add 315 706 258
query 690 917
query 112 405
query 350 930
add 112 317 -984
add 286 863 -426
query 198 702
query 255 326
query 10 887
query 346 912
add 229 667 449
query 1 423
add 492 615 -250
query 34 64
query 45 592
query 321 685
query 567 888
add 317 653 718
query 436 699
add 58 727 -700
query 421 445
add 439 558 -485
add 49 455 -996
query 118 919
add 102 914 -925
add 113 548 432
add 378 394 383
add 654 679 -160
query 512 961
query 4 599
add 46 909 92
add 236 491 -862
query 462 653
query 89 977
query 624 775
query 54 365
add 419 948 -402
query 444 972
query 48 928
add 243 474 -506
query 462 907
add 83 719 406
add 407 554 941
add 223 778 962
query 587 869
query 379 448
query 1 472
query 428 691
query 618 766
add 295 392 -7
add 11 236 -671
add 105 509 -392
add 128 754 -684
add 138 140 973
add 572 660 316
add 531 871 524
add 391 391 -585
add 777 825 303
add 60 125 -93
query 374 418
add 408 593 721
query 458 801
add 299 603 -919
query 724 725
add 193 226 -94
query 392 457
add 841 869 -196
query 511 820
add 6 63 -805
add 500 856 991
query 66 120
query 268 583
query 338 775
add 625 672 407
add 269 340 -574
add 741 866 -817
add 671 735 -731
query 418 700
add 801 910 486
add 496 677 161
query 300 541
query 261 486
query 52 420
add 362 450 -277
query 80 993
query 770 802
query 182 355
add 31 713 -132
add 74 932 989
query 4 620
query 925 989
add 45 206 -587
query 324 512
add 405 964 -63
query 12 116
add 208 796 29
query 137 589
add 226 970 566
add 175 466 -96
add 46 850 758
query 88 478
query 103 417
add 268 311 -692
add 157 813 192
add 642 899 -757
query 652 883
add 357 795 736
add 281 778 502
add 733 778 61
query 31 720
add 29 455 -252
query 337 668
add 355 700 271
add 543 635 -825
add 96 590 392
query 174 276
add 159 238 218
add 712 925 -486
add 521 533 -946
add 347 946 523
query 232 575
add 18 311 -707
query 38 158
query 59 415
add 277 649 196
query 410 620
query 397 986
add 542 986 235
query 151 842
query 601 625
query 103 298
query 5 459
query 113 419
query 91 259
add 302 425 561
add 277 513 -393
add 364 651 -679
add 325 734 -591
query 4 616
query 318 419
query 392 623
query 207 384
add 104 231 -255
query 32 689
add 636 641 -230
add 691 952 -736
add 456 687 -811
add 370 375 291
add 614 919 541
add 367 792 657
add 697 995 -12
add 418 470 627
query 281 341
add 418 997 -846
add 49 776 -472
query 892 912
add 197 759 924
add 76 794 -453
add 64 960 564
query 319 966
query 248 590
query 474 834
add 625 972 -265
query 635 781
query 582 589
query 407 995
add 324 941 527
add 28 967 -187
query 710 913
query 50 578
query 366 464
add 298 740 -492
add 80 845 -613
add 567 888 -489
query 199 748
query 336 431
query 663 745
query 365 684
query 372 786
query 37 229
query 139 676
add 317 384 -888
query 396 774
query 158 664
add 695 890 -592
query 5 587
query 364 648
query 823 932
query 676 916
add 147 936 -275
query 620 835
add 261 613 -769
add 853 944 457
add 190 665 -865
add 51 119 85
query 432 566
query 274 979
add 662 683 -693
query 352 501
query 248 763
add 375 786 -905
add 212 735 -452
add 132 811 399
query 259 683
add 170 463 602
query 698 766
query 334 802
query 885 950
add 69 465 -483
add 307 992 -702
add 135 813 80
add 61 536 -291
query 599 926
query 770 937
query 283 695
query 689 692
query 398 780
add 64 285 -269
add 533 602 -240
query 100 745
add 267 400 -222
query 168 458
query 48 936
add 531 789 -596
query 404 948
query 226 245
add 354 756 -349
add 55 757 -578
query 115 644
add 59 77 -325
add 314 743 -715
add 366 844 878
add 478 766 -585
query 77 667
add 357 521 -124
query 5 801
add 385 540 -334
add 116 257 -919
add 102 641 -633
add 609 658 -458
query 103 453
query 131 362
query 198 287
add 687 734 769
add 865 958 -552
add 119 501 -6
query 332 338
query 39 599
add 150 429 415
add 435 802 -286
query 516 695
query 307 559
query 216 388
query 550 721
add 497 842 98
add 687 688 778
add 807 906 196
query 353 535
add 220 609 653
add 403 990 870
add 273 298 -401
add 297 749 -224
query 232 457
add 100 438 570
query 187 948
query 118 780
query 567 966
add 253 314 163
add 231 839 -242
add 844 992 -471
add 165 755 -199
query 711 933
query 352 558
add 492 959 -3
query 925 951
add 555 636 -559
query 139 977
query 106 665
add 17 885 238
query 252 719
add 483 550 644
query 858 899
query 187 858
add 133 444 -644
query 553 983
add 95 989 467
add 12 298 146
query 95 261
query 329 880
query 479 564
add 721 887 -326
query 59 746
query 109 702
add 62 726 100
add 302 418 249
query 104 226
add 557 649 190
query 63 829
query 555 766
query 24 446
add 478 680 982
add 180 246 -964
add 189 344 -814
query 272 310
query 323 535
add 813 943 427
add 262 341 -931
query 15 352
add 420 603 -134
query 85 647
add 406 998 28
add 936 944 -174
add 511 642 -303
query 463 514
query 732 930
query 390 417
add 882 941 -791
query 178 620
query 81 274
query 14 464
query 227 682
add 170 796 -511
add 443 726 -408
query 192 521
add 24 66 503
add 547 720 -998
query 647 760
add 503 855 -211
add 522 666 -981
query 256 632
add 94 501 -993
query 765 791
add 728 730 494
add 213 760 -515
query 807 836
add 119 986 -640
add 309 666 711
query 252 998
add 237 586 -442
add 587 962 -906
add 745 837 -37
add 107 662 -718
add 439 832 -43
add 333 455 -198
add 767 809 74
query 114 785
add 711 951 -803
query 261 298
query 589 818
add 531 715 -136
add 433 463 -497
add 394 776 -323
query 190 617
add 1 188 232
add 119 353 -833
query 87 109
add 150 412 -434
add 29 570 -221
add 564 787 927
query 318 904
add 358 519 -49
add 131 964 872
query 397 568
add 62 775 946
add 14 907 223
add 269 411 -263
add 408 931 -577
add 722 868 -760
query 448 640
query 804 879
query 99 696
query 931 977
query 229 938
query 139 282
add 93 446 512
add 260 540 582
query 927 995
query 237 379
query 209 239
query 544 662
add 848 937 -44
add 646 863 -637
query 587 948
add 31 438 -137
query 84 762
add 237 748 -687
add 389 532 304
query 637 979
add 432 665 -11
query 215 825
add 271 545 -34
add 533 968 -99
query 32 90
add 317 832 -152
query 80 823
query 67 858
add 404 994 108
query 954 988
query 349 480
add 224 408 -76
query 252 705
add 791 853 218
add 413 682 473
add 27 288 451
query 63 326
query 854 858
add 415 672 837
add 268 754 320
query 26 469
query 339 953
query 345 707
query 483 981
query 311 895
add 94 570 168
add 469 859 -422
add 125 318 861
add 217 277 -581
add 777 819 -9
add 794 925 -85
add 217 389 -669
add 19 329 -672
add 41 991 -386
add 301 624 588
query 728 828
add 671 760 -348
add 671 837 -106
query 267 774
query 54 537
add 219 261 802
query 118 335
add 530 884 -129
add 132 661 -732
add 594 686 -599
query 182 639
query 194 838
add 205 259 -804
add 130 416 -455
query 377 697
query 481 981
query 874 944
query 836 884
query 141 384
add 245 934 996
query 870 958
query 41 925
add 612 860 -126
query 658 714
query 275 546
add 161 821 177
query 37 785
add 151 362 819
query 215 273
add 248 520 -724
add 543 689 1000
add 6 438 -688
add 687 795 513
add 342 513 -50
query 264 939
add 584 720 384
add 496 662 378
query 223 359
query 439 505
add 54 145 813
query 252 263
query 105 282
query 880 953
add 284 521 -426
add 162 792 626
add 206 675 854
add 52 691 -818
add 880 985 -199
add 300 772 271
add 388 752 -734
query 336 890
add 483 899 -58
query 70 896
query 325 556
query 280 476
query 222 547
query 370 945
add 403 759 810
add 84 617 -605
query 504 749
add 174 322 -223
query 359 778
query 393 650
add 3 703 555
add 20 261 -658
query 652 660
add 30 657 48
query 660 715
add 575 938 -615
query 169 737
add 801 991 1
add 366 435 -57
query 312 505
query 730 772
add 691 873 947
add 19 567 -68
add 143 718 -642
add 385 922 -983
query 134 626
add 449 912 508
query 113 912
query 565 631
add 781 800 -427
query 38 654
query 93 489
query 618 753
add 25 742 -480
query 773 957
add 19 879 193
add 226 613 -83
add 287 425 550
add 245 274 694
query 658 887
add 366 758 -661
add 337 597 -748
add 127 485 -121
add 327 590 266
add 851 979 984
query 38 310
query 140 514
query 340 822
query 421 444
add 205 628 739
add 117 331 -423
query 169 357
add 145 937 -615
query 458 695
add 274 372 918
query 643 952
query 46 668
query 229 511
query 23 726
add 728 939 613
add 235 303 -437
query 101 919
query 578 837
query 83 865
query 313 423
add 401 773 241
query 90 889
add 533 778 -481
add 814 975 874
query 545 730
add 16 145 -651
add 241 309 100
add 317 410 115
query 53 316
query 36 649
query 455 572
query 153 785
add 441 569 -851
query 248 423
add 434 683 -778
query 665 941
add 68 783 826
add 208 634 153
query 56 522
query 6 285
query 121 140
query 48 842
add 805 996 186
query 170 393
query 318 706
add 135 994 -527
add 187 346 455
add 418 449 -636
add 40 938 -145
query 30 453
query 249 991
add 107 170 -131
add 237 572 314
query 301 460
query 33 442
add 164 408 -819
query 923 950
query 573 700
query 754 952
query 142 348
add 392 482 86
add 198 718 983
add 128 938 -833
query 48 494
query 413 573
query 909 918
add 115 124 677
add 211 440 -233
query 238 566
add 70 663 635
add 135 299 30
query 230 482
add 229 540 168
add 415 543 -885
query 255 610
add 139 871 -491
query 548 582
query 51 669
add 707 782 863
add 39 198 580
add 114 686 392
add 613 705 -771
query 385 714
add 99 332 -298
add 451 970 159
query 709 949
query 78 861
add 210 715 455
add 23 908 562
add 114 522 -231
add 150 873 -922
query 343 558
add 86 876 600
query 919 992
add 142 946 -747
add 233 688 602
query 112 421
query 209 673
query 107 741
add 109 277 -930
query 262 749
query 426 811
query 146 840
query 100 892
query 386 446
add 228 796 558
add 161 981 932
add 246 680 438
query 840 982
query 182 482
add 440 816 -959
add 432 440 868
add 808 816 189
add 61 161 -254
query 552 735
query 381 466
add 258 639 905
query 682 811
query 260 457
query 142 303
query 228 406
query 174 207
query 144 610
query 550 763
query 341 917
add 131 638 -381
query 64 735
add 690 725 -541
add 414 878 633
query 32 405
add 303 900 -735
query 74 692
query 385 714
add 217 762 -547
add 329 928 944
query 407 488
query 295 417
add 130 998 261
query 515 603
query 252 721
query 205 898
query 696 906
query 33 295
add 366 818 -593
query 538 923
add 30 174 188
query 348 434
query 683 686
add 28 168 -262
add 534 943 251
query 787 796
query 99 591
add 423 456 -610
add 607 685 -841
add 460 518 387
query 357 916
add 282 339 288
add 575 844 404
add 51 62 -493
add 786 909 183
add 566 895 257
add 500 811 718
add 253 523 -65
add 330 467 -235
add 336 865 455
query 275 855
query 93 902
add 105 841 -113
query 95 292
query 163 891
add 627 650 -719
query 325 350
add 138 445 -93
add 179 222 -520
query 117 452
add 161 359 835
add 95 455 -508
query 452 521
add 333 958 -684
query 863 881
add 579 744 169
query 193 310
add 532 912 -69
add 295 482 -161
add 322 610 552
add 95 576 -397
query 333 943
query 132 992
add 335 877 297
add 516 553 414
add 55 381 945
add 53 657 244
query 77 678
query 617 624
add 47 444 -702
query 728 947
add 372 585 385
add 140 607 709
query 64 618
query 128 240
add 254 659 861
add 258 548 -444
query 598 852
add 150 374 -933
add 493 639 -530
query 528 729
query 528 795
query 510 982
add 160 692 129
add 392 827 423
query 629 765
query 247 497
add 521 692 -643
add 587 877 -78
add 413 961 241
add 111 640 -598
add 382 755 603
query 787 840
add 401 538 420
query 487 536
query 730 973
add 194 281 329
query 107 354
query 472 942
add 149 686 893
add 240 495 283
query 330 546
query 471 871
query 135 678
query 648 751
query 39 77
add 548 642 -186
add 715 837 -288
query 239 735
query 515 657
add 5 57 130
query 8 355
query 198 497
query 366 774
query 168 977
query 731 884
add 133 959 637
add 164 353 -196
add 214 420 -219
query 284 614
add 516 848 -98
add 223 715 148
query 99 248
query 114 326
add 656 801 483
query 266 897
add 321 684 -866
add 289 530 -500
add 363 640 468
add 61 496 756
add 78 146 559
query 415 483
add 546 569 -347
query 691 859
query 367 535
add 139 277 -102
query 332 555
add 49 134 177
query 880 941
query 424 661
query 43 446
query 717 730
add 112 648 379
query 383 801
query 670 712
add 725 780 -106
query 240 839
add 220 604 -289
add 21 435 -436
add 157 243 -265
add 543 677 -827
query 669 881
add 36 745 -688
query 311 745
add 456 983 -173
add 257 813 601
add 185 807 877
add 556 998 -110
query 59 625
add 354 673 610
add 737 765 -110
query 363 614
add 102 371 -82
add 428 686 408
query 239 446
add 9 262 805
query 71 829
query 53 348
query 82 310
add 384 646 981
query 883 989
add 273 336 93
query 897 907
add 136 591 -995
add 319 568 -788
query 97 931
query 28 343
add 233 911 870
add 676 713 461
query 389 408
add 421 668 648
query 130 235
add 513 763 -592
add 215 567 111
