9650 16557 21592 25457 12299 5112 9394 12277 15627 5016 14128 13468 10733 20140 10762 29714 5825 11475 12013 24478 23742 23351 21489 19530 16089 2762 22730 17220 2199 25551 25666 12676 3871 21149 11751 15023 18579 4511 28672 13115 28064 5280 13766 1493 22868 14661 22993 2047 6960 24795 18641 510 28543 22355 23678 28147 4582 11147 25298 12872 7739 23760 9589 23373 29594 416 1401 6179 19894 19380 32583 32474 2158 3390 10969 23510 16801 9071 3114 4215 19778 27196 18411 17657 12207 7522 4216 29080 4670 19111 24330 760 26137 14691 19758 7621 10573 27456 8822 17814 541 6718 27246 27416 9372 22522 9937 9576 13947 12847 29181 6848 9503 125 9637 23638 8694 16233 22982 14721 14604 7334 20444 19998 13785 6291 7765 20530 19038 24836 12358 24785 11376 18757 27997 25662 7507 860 7703 9555 3978 32399 24626 18467 24302 3878 16230 20447 20222 17266 18000 15350 17270 2574 7087 128 26403 3429 32722 24029 13557 26740 15953 23449 5974 6354 26620 27283 4538 20973 26897 29279 10359 5526 20402 19944 31448 13760 22165 31578 17260 9092 2046 831 12964 12137 3306 23272 22429 7907 31885 17934 2875 15129 16383 31673 4471 15595 24115 4705 25850 14900 17448 30547 24810 30796 23907 30039 15620 18386 4252 3728 4075 19880 29880 11683 19391 23870 20983 29212 26866 18452 17263 7181 13143 18042 3257 23287 28028 23963 30698 1006 15930 26297 20420 29433 7306 7098 18990 7096 11674 19684 30434 3401 18721 9189 1638 28011 6127 6166 32061 12004 200 30720 10078 1825 22386 11296 24549 26397 525 5863 265 31620 2211 13829 4174 30743 17152 26855 31483 12882 6340 126 30415 20300 1974 31811 23280 2272 25691 6264 1316 19978 2248 4528 8003 17043 26036 16785 22765 25073 10705 30937 27000 18793 29533 15007 28204 28022 16371 15580 30899 15982 3752 21033 25035 99 26707 8394 13374 23111 16940 19180 17428 24660 28313 27691 17927 7595 4164 4183 31543 24892 17265 1912 17695 20965 29071 15119 13768 3550 780 26783 28732 22868 25454 25964 27966 8276 2976 20355 30776 20459 1673 20474 30837 19084 9187 21113 23184 31665 19787 22010 11821 20165 12692 15052 19430 3394 14945 12766 6025 26647 32755 12602 12928 12364 12095 4560 12944 744 5700 14965 12487 27667 19099 31787 17583 17784 7760 931 16328 21485 22256 1024 15669 26710 23267 32478 22966 1990 18684 19859 10198 24296 11855 20404 13414 1182 20035 25308 12073 20455 12520 1960 3025 17670 27530 22534 12074 24033 22406 12976 31894 12711 11100 16371 22457 16309 10758 13237 28277 25019 23688 28854 24345 10522 2505 28950 3797 11153 24737 6168 17522 793 2099 20773 23359 1293 2685 8212 8783 29838 19757 1704 15329 13350 3254 25434 4384 15019 3492 11609 11789 20327 30764 12752 6585 20853 4616 13927 32439 3694 19074 9484 14289 27718 19662 9459 5370 27248 3228 17627 27780 15945 238 6804 19603 3763 295 31678 24786 4864 30821 13267 24676 6419 25361 23400 6174 14017 19125 13487 25843 10877 13325 12609 12975 12085 13152 1306 21225 18295 6928 27365 16434 17368 30833 32123 8595 2198 21207 19110 8759 22140 24819 810 29028 6918 10335 27654 32432 3014 15223 29943 18033 4358 2411 6206 17013 17327 29842 26531 21235 618 8961 27322 13250 25092 15709 12901 20937 32023 4077 17818 5303 26343 16883 19302 28916 17802 5949 5682 21975 22348 28663 29766 19481 26449 31427 27019 22665 30076 19724 13973 30466 5520 21910 20704 16794 18837 23898 12378 6173 23422 2706 5666 23482 31240 6672 12432 4859 7397 17107 16501 2555 29722 30684 9124 17107 26278 31806 26801 19029 25700 32117 20472 17661 3890 10232 24033 18468 32595 27154 25187 21367 10002 22765 6599 32424 6568 27632 19119 12131 14688 586 1366 27524 4345 26319 26649 7047 23628 17924 3383 20799 1071 19061 1493 26315 4504 21327 1605 2503 23558 31018 10119 1727 30492 21799 25104 26857 9103 15931 9675 16915 18243 28874 13150 11994 12465 21624 6830 27421 10636 21564 677 2737 7332 31926 7731 10838 21258 21698 29330 11498 3189 9293 21199 22749 30436 7527 13446 27109 18821 7066 16877 27379 1750 28026 19731 27749 10762 23678 2154 27261 17326 26382 10372 30738 18828 24797 21274 389 7632 28025 32594 15351 4457 2337 11073 5305 26034 5078 2735 13572 4434 4788 4891 28139 19553 7043 2303 8333 10188 7818 29270 30351 13306 675 4698 32458 31407 18325 21138 576 20529 8861 15628 9557 16298 18766 27624 10556 5838 24220 4630 25007 21693 13875 351 13027 43 25101 20906 11195 10430 15939 3448 4156 6071 28451 1970 26689 29653 1412 16036 26223 23670 15702 28745 15212 16384 2685 17353 10572 29055 26592 11328 27468 16784 7356 26817 17859 7805 27711 17819 21077 32681 25426 730 23658 8239 14518 1041 25054 19654 29522 11607 3067 18664 19147 4496 13476 3891 30294 21998 19410 28943 24010 28343 12613 22929 24826 6472 22131 14239 10561 14170 15557 21333 14686 28548 9218 4776 12162 14081 32011 29001 28072 10420 29898 12236 7205 19817 11109 32266 14976 14686 27575 9412 12931 8962 30464 29321 8594 22268 14555 28633 19516 11631 30577 7818 28688 25724 21485 18539 26546 1033 12080 8488 21806 11969 18117 16237 18059 1116 7703 12622 2212 31009 2017 12263 7219 18089 25575 13887 303 23013 25828 32627 19544 25187 29379 12304 15120 26316 32017 11968 14700 690 20915 28713 3723 12680 19412 14866 8998 19186 28450 8647 5737 5184 17210 18879 5377 2868 864 8829 9847 19980 30324 12980 25788 17596 801 10926 20997 28540 21592 18158 16600 32386 8701 17941 615 5905 29152 30210 20254 27058 25838 7229 7544 32194 25769 15766 23318 22060 17621 2313 15378 21368 11636 27109 5265 30469 24821 1326 28823 27538 12969 9791 24096 30467 16758 24243 7532 14690 19151 23942 11162 23845 10723 16760 23416 7343 22293 27314 28826 16665 31661 4012 28841 32305 28109 6478 7934 20419 10406 2646 22127 15384 5355 30201 13673 8125 13702 18893 20544 26245 3211 28390 24002 21969 19562 1599 4626 19471 10600 17500 7092 6529 24400 12334 30436 22080 16229 18743 
1000
query 195 911
add 228 844 -176
query 517 630
add 705 978 346
add 104 399 148
add 720 955 252
query 385 422
query 5 607
query 186 358
query 704 849
add 371 618 497
add 493 902 22
add 417 473 -5
query 897 903
add 406 686 927
add 126 199 -81
add 74 688 22
add 82 973 18
query 149 829
add 70 612 -851
add 308 940 -430
add 228 434 745
add 8 232 605
query 144 271
add 153 747 294
add 289 710 857
query 21 354
query 377 906
query 396 774
query 449 753
query 463 831
add 760 786 70
query 15 698
query 576 903
query 230 931
query 78 256
query 91 600
add 930 987 -721
query 707 948
query 493 952
add 64 905 -527
add 92 452 -407
add 227 676 -609
add 853 908 910
query 481 870
query 563 663
add 472 542 649
add 529 887 651
add 76 652 894
query 14 588
query 134 549
add 552 820 -342
query 171 306
query 236 285
add 592 781 851
add 178 967 -149
add 323 488 135
add 10 858 -271
query 876 984
add 594 977 -739
query 210 448
add 159 704 -677
add 11 995 -79
query 354 888
add 5 616 847
add 174 521 566
add 12 545 -196
query 217 809
query 765 900
query 154 930
query 180 554
add 87 297 -988
add 215 629 -60
query 549 822
query 276 979
query 415 578
query 683 994
add 128 753 328
add 432 617 375
query 452 659
add 616 899 52
query 36 352
query 615 844
add 673 932 686
query 191 758
query 390 571
add 603 640 61
query 59 622
query 105 285
query 249 915
add 341 769 -142
add 255 282 -594
add 309 368 681
add 409 635 475
add 352 832 -902
add 30 949 -309
query 58 662
query 138 248
add 488 633 116
add 416 592 -205
query 91 739
query 440 562
add 123 817 226
add 805 938 373
query 345 354
add 64 581 376
add 357 616 54
query 41 345
query 147 346
add 71 757 -377
query 522 539
query 602 896
query 413 576
query 571 748
query 646 898
query 423 564
add 46 558 638
query 732 850
add 46 404 951
add 304 526 61
add 654 906 -318
add 327 923 169
query 171 264
query 378 931
query 519 567
query 797 938
add 437 903 252
query 12 625
add 125 683 41
query 27 853
query 805 852
query 781 907
query 419 480
add 459 509 -856
add 275 686 -579
query 305 876
add 95 477 345
add 497 677 -946
query 173 191
add 89 195 466
add 585 784 -586
query 55 448
add 672 837 -757
add 763 891 -306
query 366 622
query 197 947
add 252 600 987
add 228 695 729
query 699 874
add 120 447 997
query 142 795
query 95 113
query 443 861
query 289 572
add 133 762 -163
query 351 370
query 468 805
query 77 571
query 135 809
query 808 940
add 347 541 692
add 424 476 -359
query 322 663
query 321 474
add 473 779 -583
query 574 909
add 203 258 -845
add 352 978 -361
add 297 884 -359
query 600 760
query 466 716
query 353 557
add 279 994 -743
add 211 905 674
query 5 136
query 698 946
query 31 812
add 226 377 -609
add 5 192 -456
add 433 891 -836
add 54 728 -165
query 450 603
add 819 934 -47
add 267 427 446
add 466 618 720
add 759 955 825
query 710 858
query 228 389
query 105 326
add 592 920 -528
query 940 982
query 267 499
add 214 928 -409
query 57 354
add 439 611 5
add 692 724 430
add 26 546 869
add 886 904 807
query 491 849
add 740 937 -851
add 471 508 406
add 248 332 927
add 398 901 41
query 319 911
add 23 986 756
add 159 244 -759
add 81 583 -110
query 246 441
add 394 722 -92
add 375 848 333
query 248 574
add 150 530 -766
query 374 890
query 217 877
query 756 881
query 131 247
add 123 549 -882
add 560 813 -73
add 408 877 446
add 520 662 834
query 623 826
add 555 750 -187
add 45 486 -364
query 582 673
add 640 819 -615
add 840 895 -200
query 115 719
query 694 847
add 149 424 988
add 229 826 413
query 138 526
query 375 769
query 849 908
query 111 747
query 166 190
query 180 969
query 209 365
add 267 972 30
add 462 492 -609
query 218 617
query 257 709
query 811 898
query 780 793
add 174 623 -965
query 571 679
add 442 708 598
add 314 759 -61
query 144 547
add 404 856 -690
query 222 626
query 166 792
query 787 809
add 105 107 410
query 276 564
query 438 777
add 79 195 76
query 65 103
query 392 784
query 229 360
query 348 578
add 682 905 -898
add 71 909 -213
add 727 834 -125
add 806 910 -828
add 297 447 -131
query 388 668
query 47 147
add 453 583 -379
query 223 714
query 825 968
add 678 949 94
add 63 257 431
query 202 452
add 393 481 -319
add 293 918 -422
add 10 886 -786
add 510 656 -256
query 719 897
add 397 846 -137
add 243 939 704
query 91 469
query 322 630
query 521 576
add 56 997 -734
add 349 479 -968
add 217 321 410
query 437 572
query 425 974
add 149 889 -516
add 636 847 -731
query 366 539
query 721 822
query 764 831
query 339 846
query 308 500
add 393 436 2
add 356 724 -892
query 59 67
add 275 491 -310
add 267 779 501
query 221 877
query 269 762
add 621 963 818
query 128 208
add 79 356 877
add 409 898 -642
add 121 158 -167
add 775 873 -948
query 156 692
query 85 89
add 14 575 426
add 514 596 -539
query 457 532
query 344 823
query 218 849
add 329 460 346
query 770 854
add 157 525 -634
query 471 545
add 848 990 942
query 151 611
query 916 965
add 210 355 -263
add 713 915 732
query 378 407
query 242 447
query 106 557
query 134 336
add 79 745 -919
query 2 344
add 734 975 -892
add 698 841 109
query 201 452
query 319 906
add 172 335 -247
query 532 678
add 218 383 -677
add 160 757 -870
query 435 688
add 567 946 445
add 76 703 948
query 610 974
add 294 333 -693
query 14 834
query 383 615
add 100 957 861
add 389 587 -143
query 131 825
add 308 954 -427
add 563 821 68
query 459 941
add 516 580 46
add 635 722 992
add 250 716 -534
query 230 905
query 842 886
add 374 566 607
query 355 645
query 356 701
add 401 704 401
query 83 385
add 216 346 -293
add 329 720 -527
add 41 670 852
query 606 897
add 302 317 417
add 175 200 -133
add 441 804 490
query 18 654
add 74 391 -108
query 90 965
add 53 536 737
query 120 972
add 344 886 123
query 318 440
add 180 628 842
query 573 997
query 392 672
query 502 526
add 180 228 165
query 18 779
add 189 505 191
query 242 369
query 6 270
add 180 426 -146
query 863 894
query 492 759
query 549 840
add 582 999 739
query 365 974
add 602 820 719
add 407 706 288
add 564 963 -772
add 339 940 -722
query 34 888
add 64 940 622
add 296 601 -751
query 444 603
query 118 726
query 124 625
query 518 971
add 23 519 929
query 103 165
query 373 882
add 378 576 596
add 77 347 -519
add 62 822 844
query 436 815
query 192 298
add 7 74 -635
query 56 652
query 714 920
query 385 494
query 199 489
add 221 833 -18
add 131 701 792
add 74 79 162
add 173 236 322
query 205 754
query 399 993
add 425 569 -644
add 635 761 127
add 875 972 -546
add 695 714 -92
query 27 158
query 45 194
query 74 334
query 416 710
add 195 976 74
add 192 750 -197
add 303 408 -651
add 74 511 479
query 253 733
query 482 655
add 588 680 907
query 15 248
query 731 740
query 535 905
add 27 192 -259
add 124 648 -562
add 560 926 -134
query 719 921
add 89 356 286
add 435 955 -643
add 348 627 925
query 538 726
query 350 554
add 627 714 -135
query 115 499
query 364 856
add 5 901 -929
add 401 974 -566
query 388 454
add 131 721 876
query 119 208
add 544 841 -52
query 537 880
query 254 511
query 73 539
query 404 458
add 784 916 -264
query 12 778
query 531 925
query 267 418
add 599 794 612
add 403 938 982
query 315 503
add 212 743 -270
add 183 688 -553
add 127 568 684
query 839 884
add 227 315 800
query 670 889
add 394 853 -198
query 53 184
query 53 148
add 839 842 -109
add 93 672 460
add 419 875 -830
add 208 495 -520
query 108 163
query 161 260
add 486 926 -873
query 461 901
add 669 945 -566
query 124 289
query 197 855
query 308 991
query 355 956
query 681 802
add 170 678 648
add 326 541 387
add 369 754 18
add 172 871 440
query 98 550
query 500 728
query 435 672
add 126 218 822
query 938 973
query 90 682
query 460 566
query 429 897
query 280 398
query 185 188
add 30 226 -914
query 670 808
query 139 355
query 5 882
query 276 740
query 487 727
add 470 561 -119
query 489 665
add 178 265 374
query 277 596
query 501 724
query 465 504
query 36 353
add 311 517 326
query 461 847
add 317 975 673
add 123 708 490
query 320 469
add 614 745 -91
query 38 77
query 219 961
add 734 926 297
add 115 929 -662
add 713 799 417
add 590 626 -857
add 259 627 591
add 418 496 -986
add 6 967 -652
query 297 336
query 723 851
query 611 963
add 73 338 -606
query 371 631
add 245 565 -719
query 187 743
add 850 902 -881
query 500 605
add 448 816 -324
query 467 775
query 179 889
add 657 735 -706
query 861 987
query 66 649
add 10 668 -307
add 318 717 292
add 15 426 428
query 133 479
add 751 781 181
query 22 104
query 36 765
query 345 523
add 910 993 280
query 379 943
query 399 880
query 306 734
add 372 580 208
query 12 246
query 222 758
query 105 256
query 360 920
query 270 306
query 475 796
add 326 745 135
add 279 446 705
query 588 659
add 689 735 -407
query 338 564
add 526 813 230
add 442 731 -150
add 291 967 280
add 231 473 -999
query 21 325
query 54 402
add 650 705 35
query 347 544
query 306 540
query 360 623
add 104 804 418
query 438 710
query 774 854
add 210 681 353
query 224 399
query 465 870
query 158 649
query 294 616
query 136 722
query 372 815
query 107 249
query 361 873
add 141 718 -324
add 287 692 -56
query 45 770
query 329 660
add 648 672 765
add 377 458 -376
query 728 957
add 326 732 809
query 573 712
query 298 571
query 737 769
add 381 874 435
add 526 884 -589
add 87 671 -906
add 567 798 314
add 28 524 -457
add 210 281 -860
add 318 655 275
add 525 584 -972
add 329 656 -346
add 263 416 -470
add 134 887 187
add 658 966 925
add 20 604 358
query 590 957
query 102 218
query 183 454
add 41 914 -767
query 121 924
add 183 819 -506
query 718 879
add 234 736 150
add 611 960 866
add 209 448 -627
add 222 439 448
add 114 341 757
add 83 305 -729
add 270 535 -606
add 17 58 411
query 48 583
query 191 945
query 3 144
add 29 51 -629
query 116 125
query 169 334
query 169 912
query 153 320
query 607 779
query 176 366
add 41 200 -491
query 115 941
query 248 530
query 727 946
add 15 527 -996
query 488 971
add 622 776 -863
add 559 577 731
add 109 526 620
query 140 712
add 133 808 7
add 106 194 673
add 228 426 135
add 176 949 787
add 369 472 -472
add 105 322 66
add 485 812 584
add 495 745 664
query 102 972
query 586 609
query 512 937
query 85 543
query 158 510
add 145 324 -268
add 535 639 381
query 267 961
query 754 857
add 57 698 605
query 885 917
query 103 454
add 701 883 -38
add 616 689 124
query 138 755
query 539 765
query 672 898
query 40 431
add 206 653 930
query 288 438
query 408 764
query 478 608
add 394 984 323
query 109 793
add 358 416 511
query 182 934
query 717 896
add 362 736 862
query 540 587
add 669 761 -642
add 240 656 -217
query 59 301
add 147 772 510
add 354 476 -263
query 872 898
add 150 249 -933
query 530 593
query 456 894
query 602 818
query 435 680
add 236 410 -647
add 709 851 -300
add 371 734 557
query 137 558
add 311 995 929
add 376 456 392
add 144 301 -741
add 418 792 -881
query 274 493
add 612 871 -430
query 295 813
add 302 607 -85
add 519 784 -51
query 108 659
add 644 758 562
add 452 631 552
add 11 736 -294
query 607 890
query 331 689
query 88 177
query 727 986
query 82 965
query 407 707
query 223 661
add 207 963 977
query 408 587
query 575 901
add 390 674 675
add 495 812 532
add 254 330 962
query 93 365
add 614 798 118
query 26 243
query 172 203
add 122 285 -12
query 157 343
add 299 696 -624
add 734 896 18
query 222 342
query 556 579
add 84 842 -179
query 149 246
add 34 870 178
query 239 348
query 82 275
add 29 947 -24
add 228 622 -548
add 304 397 563
add 560 703 -661
query 186 692
query 166 453
add 106 906 -98
add 482 951 354
add 200 492 596
query 193 883
query 207 644
query 33 766
query 770 843
add 646 711 -659
add 249 255 89
add 114 596 828
add 169 791 -955
add 515 636 -759
query 296 672
query 430 682
add 357 397 -77
query 49 479
query 143 216
add 283 998 162
query 30 260
add 741 797 -196
add 665 683 362
query 1 994
query 137 236
add 298 952 956
add 476 811 316
query 35 528
add 649 649 -708
query 75 633
query 607 791
query 458 775
add 470 564 -619
query 908 981
query 70 712
add 444 816 242
query 536 825
query 392 790
add 509 712 -601
add 957 973 655
add 203 595 609
add 60 878 453
query 248 540
query 603 854
add 67 884 -40
query 604 715
add 979 986 969
add 258 847 126
query 707 878
add 759 957 485
query 631 859
query 204 420
query 527 717
query 404 697
add 182 356 271
query 231 445
add 363 654 464
query 342 512
add 197 728 -317
add 904 956 -21
add 653 979 -602
query 299 895
query 630 934
query 201 511
add 121 709 -254
add 366 891 336
add 660 955 258
query 596 733
query 206 861
add 340 410 67
add 166 446 849
query 120 564
add 61 136 659
query 140 775
query 292 853
query 266 468
query 222 722
query 360 953
add 149 831 541
add 619 655 856
add 836 987 502
query 854 947
query 133 852
query 431 567
add 778 825 -797
add 278 916 -553
add 637 718 -913
add 446 598 -418
query 413 597
add 497 550 -740
query 89 799
query 182 779
query 258 419
add 186 341 -193
query 332 378
query 505 508
query 559 966
query 14 983
query 231 303
add 238 344 496
add 902 962 421
add 42 279 80
add 764 823 -835
query 36 467
query 323 943
add 55 980 -404
add 476 991 694
query 615 782
query 105 621
add 107 399 276
add 311 545 494
query 902 977
add 203 614 -792
query 689 883
add 344 576 496
query 225 362
add 598 637 -774
add 258 410 273
add 26 183 245
add 222 771 708
query 306 804
add 223 463 -84
query 148 413
query 82 514
add 899 930 955
query 148 352
query 686 726
query 677 730
add 341 357 359
query 46 464
add 829 979 897
add 257 525 114
query 629 781
query 150 304
query 397 428
add 280 621 -878
query 868 912
add 595 822 -99
add 111 548 -33
add 389 885 140
add 396 620 477
add 50 885 -406
query 103 148
query 446 754
add 498 725 992
add 470 548 849
query 814 850
add 48 771 -279
query 403 899
query 597 774
add 609 868 593
query 150 311
add 893 942 29
query 489 680
add 365 531 -691
query 166 767
query 798 813
query 333 416
add 744 855 442
add 430 927 -43
query 452 473
add 521 977 175
query 91 827
query 83 984
query 264 726
query 752 913
query 352 927
add 783 953 -993
query 229 710
query 244 941
query 624 926
add 260 979 575
add 400 729 -262
query 94 159
query 173 976
add 306 801 8
query 299 684
query 25 174
add 20 664 815
add 600 986 789
query 518 763
add 330 662 676
query 185 855
query 327 913
add 699 765 751
query 150 233
query 51 635
query 370 453
query 107 426
query 537 984
add 347 481 428
add 631 662 -45
add 634 740 678
add 650 808 166
add 318 755 774
query 252 465
query 225 439
add 99 844 255
query 737 755
query 8 930
query 467 500
query 189 960
query 195 508
add 139 835 938
query 378 494
add 223 995 276
query 94 949
query 2 132
query 144 762
add 640 789 -783
query 263 673
add 390 952 371
add 51 614 -840
query 186 526
query 152 232
query 617 794
query 128 581
add 50 772 -495
add 279 962 277
add 187 204 71
add 181 535 -5
query 681 790
add 56 399 45
query 375 780
add 504 853 -282
query 242 477
add 408 753 -316
add 32 731 553
add 734 905 615
add 564 826 -624
add 338 688 872
add 47 433 -848
add 273 864 -940
add 355 407 743
add 493 620 375
add 237 268 558
query 455 803
add 110 334 -717
query 498 582
add 90 557 -166
query 39 479
add 82 780 709
add 99 298 493
query 551 992
query 330 419
query 324 433
add 404 970 -837
query 438 816
add 466 500 375
query 164 236
add 171 886 -917
