32428 17681 22200 29995 22984 32129 10586 32183 25108 5387 3761 4626 32547 14790 3593 10154 28339 6213 12348 14407 18053 9753 12322 166 18540 30104 3919 4708 15523 30429 25342 15647 18019 18960 27976 4823 26293 1768 22170 2970 8582 7533 7013 3168 30969 13315 535 21812 13057 9892 11595 6804 7470 2925 7740 19995 17095 24668 15232 23133 18714 18008 12275 22035 26128 28017 13809 29304 9476 5738 8904 10482 28117 19828 18028 27637 570 16957 29549 24356 25942 24873 17191 23226 24973 4575 27193 15913 8341 16136 12600 22017 2512 2899 26020 22802 23257 22461 22298 16597 11869 32527 13516 264 25900 27304 24367 25241 9615 25724 499 1477 25821 19037 2616 20353 12105 1658 19711 17945 8702 28965 29150 8471 19310 32729 30201 4198 26086 25979 23341 32439 8294 2016 22414 21284 27057 28304 6420 30227 29088 3785 29073 7518 21691 6343 32486 9137 9738 10819 9079 28467 19241 2618 25308 11112 24219 20975 30426 23126 3168 10035 12433 230 7370 27620 31222 29326 8588 1716 2948 45 30996 10539 10799 3638 7195 14064 410 22033 27002 12868 28297 22206 25663 20943 19865 14524 6144 9119 8751 10537 5999 24942 10670 28714 18735 23075 12013 18061 30438 5276 12776 11949 21140 4011 14261 21654 26147 17246 22202 14698 8511 18308 21278 11780 31079 17260 24445 24794 20548 2800 21984 808 5178 3250 31980 18763 20286 30118 11609 19050 6119 11729 27558 860 6343 4688 18955 198 8699 4251 9904 29828 30977 1803 6684 14923 23242 3738 10736 3980 25616 4587 5077 667 21482 21898 17587 23824 23710 21876 20516 3438 30390 7130 31784 21506 27222 29986 13594 14094 716 9519 32226 551 8297 482 12397 21724 7311 5856 8794 1176 13324 13974 502 21962 27558 7291 32619 20546 8951 1173 5684 13022 18812 23615 2772 19047 27112 28713 28872 12214 32702 15264 19642 12571 19230 15632 9975 27391 5855 29639 8739 21447 9439 27387 27180 16124 13463 30223 3964 7081 22515 530 8819 29189 2656 8329 8980 25682 15910 12142 6398 14085 21496 17016 26526 9255 12489 12701 12964 32251 26082 28886 26291 25825 7986 5410 14941 5242 19429 10957 15182 3085 13624 16626 15303 5674 30603 20031 13391 29581 4535 21240 28069 11588 32419 23614 1784 21013 3346 19602 11354 8986 27071 3477 4467 29614 4012 3857 1138 16525 4791 14141 11593 16950 30830 10301 19738 32404 4900 32489 4588 7646 4933 28367 21155 1724 17126 24443 18223 1451 8096 28406 4355 930 18079 32140 10185 4086 26358 9938 32340 16763 11829 19432 29654 13036 25406 4860 25939 7820 9044 15 29525 23822 30069 2812 20450 19378 10218 22198 10411 23986 11292 28113 390 23772 25769 10308 4894 7552 6583 7789 489 10636 1929 19797 347 9974 15184 20534 14170 32090 12867 21306 29681 32485 28401 9094 4424 6257 30934 119 4052 19697 31277 4651 17099 16 28678 10564 8411 21525 8344 11240 3355 7946 19416 21516 11330 15133 19019 8947 6679 13894 3608 11761 4904 9514 14945 10357 26303 7488 17619 20295 17682 6706 21884 6413 15802 21126 22749 20500 614 16253 30785 31053 16849 23611 27725 11414 12017 24617 24023 16955 2162 30872 18684 31165 13410 17831 5740 32210 17454 7782 24329 27052 29901 24635 3505 13182 32571 19845 21335 8253 19753 16256 8537 9380 26099 12137 7693 22394 10194 23266 18333 22807 8531 1943 14614 21541 7943 10786 17851 31652 16764 29740 24223 10800 12141 3541 30323 1671 14390 32342 22428 20806 31370 2021 8329 16371 25448 31450 23107 2368 6475 17423 23877 1678 10146 14988 30863 3761 32383 28772 3830 28147 6803 2778 7870 8027 26970 26056 26474 11055 15763 1602 8659 20151 26611 8310 32376 20804 18458 13526 24085 10865 27078 2170 30839 23977 583 31935 25998 12009 25139 2613 15556 5319 12122 25272 16013 2996 31484 32476 15423 11902 2106 6799 12837 14361 22219 25849 18382 21150 17904 26535 10923 22420 25514 26857 30426 25967 15402 19832 8764 28246 15753 15708 7629 9257 953 4109 8501 26051 8380 17369 21658 4476 13587 1157 19641 24818 27770 1335 3381 12810 13010 12692 1326 24881 13663 31269 14870 6376 1075 16383 5312 14975 26602 9123 1210 17440 16280 15139 28125 22544 31488 29574 5154 18738 1287 8558 31160 20685 12904 1272 25427 20878 2216 17636 30406 19409 29005 9462 10196 26396 11595 31643 26435 13548 7359 10960 18483 4277 11999 8256 4014 16676 3633 8364 25216 16039 23804 25232 1353 17199 5629 15364 25296 1845 25946 26592 19610 20475 3548 9763 10684 13076 11864 15254 2029 13094 31598 5292 17119 6639 16758 4013 13776 13190 17080 12819 11100 20195 17883 19765 32661 10146 26785 22050 10325 7428 2769 29904 6099 23095 25972 3702 11637 21463 8771 20278 10469 16052 1889 30463 21351 25558 2886 28082 21354 30142 25851 25219 24156 19183 27789 31395 15555 8621 24508 21276 21642 20741 24307 23036 11672 2829 13949 17077 9384 5229 18421 6596 16468 5406 10238 15249 23666 26226 17461 12950 8100 597 9572 16580 28459 30674 8697 6178 21756 2265 5302 1720 3094 21823 27561 6571 10002 14086 9055 31657 1276 13279 597 4743 2145 10221 10415 8233 17577 3532 18476 27299 5543 2002 6234 12189 21871 3732 23302 26364 9320 26796 1271 6335 30626 20410 24284 18982 24937 26281 12930 17946 18458 25908 22602 17609 32565 7336 14555 13969 30388 14827 5908 13855 29851 26813 13892 26072 3281 15422 12446 15479 19246 176 4583 1272 17365 23167 2674 5558 32196 22142 20046 720 27561 20340 29886 20432 26359 19671 27625 25743 24890 16087 21715 18771 16296 15263 23436 28219 5368 8663 24488 477 11639 17517 238 6957 8536 917 25685 15009 24907 30478 17708 26258 29010 3495 9880 26342 17872 17923 14659 25580 30435 25753 18771 27783 15860 19198 18585 10127 29069 21607 18699 13428 29546 23402 31605 32548 17618 19716 1643 2863 13608 27872 18818 31273 24253 11990 24768 20817 26088 18867 31824 17007 11865 26424 24698 31747 31402 5477 8659 17563 10807 23799 29105 25989 2352 8495 3810 10406 26348 11477 11934 28074 26240 4221 29113 6750 15761 13833 14877 27225 
1000
query 815 822
query 395 576
query 637 647
add 496 577 -103
add 919 934 -540
add 342 485 84
query 266 393
add 29 725 57
add 422 698 731
query 137 552
query 789 883
add 195 579 531
add 57 769 -331
query 606 986
add 227 595 76
add 66 75 86
add 269 763 533
add 516 813 415
add 374 432 -530
query 548 637
add 70 229 121
add 110 181 -958
query 519 550
add 89 930 -97
add 206 228 -36
query 159 597
add 329 776 -150
add 215 323 129
add 532 985 -742
query 326 537
query 106 118
add 89 975 905
add 256 857 895
query 85 355
add 555 806 -516
query 223 695
query 404 670
query 284 948
query 532 630
query 76 917
add 184 616 37
query 328 336
query 292 767
query 330 552
add 46 534 -124
query 550 747
query 98 769
add 23 295 669
query 152 752
add 632 638 -672
query 210 506
query 571 709
query 553 941
query 397 637
query 182 780
query 34 968
add 180 632 -706
add 253 954 -26
add 288 505 -385
add 25 529 -714
add 313 435 749
add 487 564 -18
add 187 961 -313
add 50 274 38
query 189 913
add 455 947 -120
query 123 322
query 774 777
add 209 600 893
add 27 699 -532
query 608 962
query 837 899
query 391 731
query 60 385
add 373 964 39
query 276 856
add 657 788 519
add 85 479 -242
query 127 407
add 181 944 948
query 194 372
add 113 878 -75
query 247 940
query 137 957
add 55 977 -336
query 425 934
add 780 801 -649
add 505 790 -698
query 868 959
query 474 599
add 226 908 -140
add 132 448 -742
query 619 624
add 25 473 -613
query 595 654
add 404 647 -63
add 195 335 -206
query 531 803
add 22 810 -970
add 76 291 -604
query 523 681
add 303 472 -99
query 130 625
add 826 908 342
add 646 906 -3
query 330 561
add 139 463 775
query 819 931
query 356 758
add 731 864 -985
query 804 930
add 165 948 865
query 45 347
add 502 814 527
add 152 924 -500
add 162 544 965
add 406 689 -203
add 294 577 -437
add 126 578 898
query 316 515
add 497 657 -638
query 111 272
add 449 984 488
add 551 697 -656
add 173 998 614
add 75 315 744
query 36 882
add 19 155 954
add 461 872 -257
query 558 777
query 215 639
add 582 703 331
add 440 736 664
query 559 627
add 73 645 469
add 234 550 -592
query 654 730
query 739 934
add 635 679 -429
query 644 790
query 243 326
query 906 997
add 687 869 -726
add 273 363 882
query 210 696
query 656 772
query 445 605
query 387 583
add 392 718 -599
query 188 936
add 148 656 650
add 108 991 21
add 28 148 437
add 132 693 -858
add 31 996 -574
add 21 778 539
add 185 437 -596
query 500 643
add 36 645 -625
query 189 332
add 617 689 16
query 288 479
query 32 204
query 147 578
query 609 971
add 889 914 147
query 297 800
query 17 319
query 784 952
add 178 851 976
add 376 709 919
query 433 580
query 25 69
add 116 248 425
query 54 934
query 371 858
query 564 968
query 171 565
query 640 660
query 224 980
query 83 444
query 262 427
query 37 468
add 125 551 -278
add 1 165 697
add 142 620 -824
add 8 732 762
add 331 950 -832
query 263 401
add 36 178 -352
query 416 931
add 99 645 688
add 216 929 819
query 192 587
query 599 889
query 249 630
add 214 991 -242
add 256 268 315
add 221 915 -489
add 345 877 -94
add 748 797 548
add 647 861 -387
add 220 673 754
query 256 267
query 255 929
query 301 734
query 41 260
add 462 803 -831
add 69 232 886
query 298 729
query 234 243
query 85 835
add 631 920 308
query 293 743
query 547 707
query 94 492
query 392 775
query 317 924
query 569 873
add 789 938 579
query 376 984
add 512 909 -689
query 37 210
add 559 943 -98
add 148 263 609
query 769 811
add 805 997 -14
add 55 562 -528
add 392 929 368
add 287 866 -887
query 69 96
query 275 680
add 278 499 954
query 366 554
add 40 847 58
query 243 393
add 589 697 -237
query 254 534
query 934 945
query 40 280
add 134 663 -227
query 47 144
query 40 645
add 749 754 -203
query 159 308
add 501 580 558
query 158 464
query 164 946
query 125 442
add 6 819 47
add 183 281 920
add 173 885 59
add 0 11 -294
query 76 431
add 732 870 -292
query 18 776
query 705 777
query 306 471
add 181 346 695
query 90 959
query 675 791
query 30 177
query 143 481
add 59 777 -253
add 680 767 -916
add 95 517 978
add 58 416 -608
query 659 936
add 98 660 66
add 416 462 683
add 237 641 -574
add 34 117 -245
query 299 997
query 337 837
query 311 864
add 121 729 -786
query 268 446
add 152 302 148
query 232 653
query 146 990
query 328 621
query 340 887
query 243 482
query 410 739
add 339 697 604
add 469 861 -895
query 129 808
add 184 815 37
query 276 804
add 535 774 561
query 317 542
add 461 656 155
query 176 815
query 80 479
add 5 310 194
add 471 789 -11
query 309 924
add 478 975 -645
query 363 560
add 371 736 97
add 509 679 365
add 192 209 964
query 434 695
add 1 978 -538
add 155 608 -436
add 723 871 149
add 389 499 -525
add 625 677 -251
add 20 716 -925
query 720 728
add 677 843 -878
add 360 675 -177
query 115 592
add 46 378 -53
add 125 838 -304
query 387 665
query 687 761
add 474 540 -854
add 127 174 622
query 247 554
query 263 580
query 96 328
add 587 689 -594
add 140 433 740
query 13 878
query 166 181
query 118 618
add 746 770 116
add 9 625 604
add 743 886 -31
query 230 741
query 55 973
add 232 767 114
add 201 252 464
query 435 612
query 147 317
add 380 636 776
query 182 194
add 412 592 958
query 296 836
query 144 657
query 666 722
add 183 782 461
query 425 692
query 405 858
query 230 306
query 93 859
query 441 887
add 600 869 201
add 178 240 400
add 460 708 384
add 574 754 668
add 171 824 -36
add 108 528 -321
query 17 79
add 235 473 -589
add 382 808 -377
query 76 476
query 489 967
add 88 321 -425
query 491 982
query 667 896
query 630 658
query 92 612
query 726 894
add 644 731 -151
add 631 980 358
add 69 104 -381
add 526 932 528
query 555 895
query 45 213
query 259 658
query 895 914
add 361 898 440
query 400 709
query 215 995
add 18 679 -459
query 653 686
add 430 475 -765
query 187 935
add 324 386 -343
add 105 439 142
query 228 848
query 97 194
query 688 994
add 809 951 -578
query 308 361
add 869 986 919
add 436 519 3
add 722 875 -935
query 347 937
add 699 701 -753
query 149 173
query 937 993
query 110 195
add 153 283 -799
query 87 789
query 492 534
query 364 948
add 644 665 225
query 45 357
query 678 689
add 364 928 -583
query 210 272
query 241 476
query 741 882
add 252 700 175
add 45 526 -607
add 277 657 -305
add 161 874 -628
add 91 970 96
add 72 318 -857
add 393 916 -818
add 734 957 997
add 244 744 -316
query 425 659
add 213 682 -268
add 185 910 895
query 169 608
add 79 717 167
add 546 745 -156
add 391 582 -349
query 257 752
add 120 574 869
add 168 705 -763
add 216 416 -136
add 439 895 118
add 178 499 93
query 648 821
add 101 701 791
add 515 561 722
query 604 692
add 16 89 -571
add 595 660 362
query 517 713
query 119 150
query 143 676
query 390 903
query 219 839
query 202 539
query 303 556
query 265 419
add 262 876 684
add 367 945 -691
query 428 477
query 97 178
add 235 469 635
add 18 949 830
add 137 418 695
query 111 496
query 616 891
query 480 743
add 384 899 -962
query 494 706
add 163 400 -714
add 916 929 -317
query 252 365
query 395 423
add 10 91 -596
query 33 95
query 928 952
add 45 323 -152
query 327 495
query 344 448
add 365 531 496
query 225 511
query 238 732
query 162 884
query 176 190
query 408 631
add 7 924 367
query 137 495
query 187 600
query 157 901
add 124 790 -460
add 516 735 135
add 879 960 -839
query 668 683
add 901 947 -358
add 171 736 834
query 541 693
add 666 919 -133
query 924 960
add 653 715 -259
add 272 421 -64
query 311 652
add 121 519 -819
query 14 389
query 115 904
query 21 169
add 115 526 -945
add 480 874 790
add 301 879 -360
query 630 950
add 368 554 -46
add 657 805 -411
add 287 378 -899
add 310 864 -198
query 302 826
query 680 746
add 70 520 142
query 394 561
add 35 500 -392
add 273 950 853
query 181 402
query 344 842
query 471 778
query 802 988
add 198 447 210
query 419 878
query 63 849
add 144 919 -921
add 86 509 764
query 666 943
add 359 489 -411
query 397 832
add 293 314 -939
add 512 739 523
add 428 967 -965
add 88 624 240
add 74 758 733
add 273 627 227
add 543 708 415
add 448 592 318
query 446 610
query 522 982
query 509 526
add 640 678 -873
add 181 711 -271
add 586 879 586
add 258 360 -839
add 227 874 -45
query 219 656
add 530 677 155
add 45 278 790
add 97 949 -683
add 45 366 -571
add 752 943 -629
add 13 827 -842
add 48 432 -97
add 3 680 -344
query 832 949
query 142 499
add 51 281 -608
add 322 965 124
add 736 970 743
query 552 977
add 79 248 198
query 181 593
add 152 511 -434
query 420 589
add 321 839 -137
add 92 950 788
query 121 165
query 555 686
query 602 609
query 180 660
query 327 655
query 301 664
add 266 393 855
add 64 225 -245
query 685 791
add 152 987 -763
query 262 455
query 111 567
add 269 429 274
query 217 814
add 102 631 -54
query 390 731
query 64 996
query 538 682
add 207 407 -178
query 729 821
query 397 890
query 0 405
query 384 552
query 220 597
add 150 296 185
add 249 500 -473
query 204 386
add 191 552 816
query 635 855
add 696 870 928
add 528 677 -931
add 225 899 128
add 30 75 -798
add 75 254 509
query 9 975
query 351 921
query 261 609
add 463 650 418
add 134 672 661
query 753 833
add 31 620 508
query 329 455
query 349 549
add 204 344 -223
query 186 437
add 397 618 20
query 205 666
add 609 849 -404
query 329 463
query 120 261
query 483 832
add 460 689 -189
add 643 955 -889
query 53 558
query 497 537
query 29 131
query 478 809
query 746 918
query 307 727
query 200 483
query 370 519
add 525 923 -536
add 613 793 -688
add 554 860 143
add 415 686 -791
query 237 660
add 520 804 442
add 487 856 -687
add 640 834 879
query 341 483
add 336 568 515
add 608 884 -441
query 143 205
query 21 482
add 441 861 -152
add 33 549 928
query 205 761
add 281 391 -180
query 492 593
add 305 802 688
query 542 782
add 355 679 637
add 718 842 891
query 375 444
add 164 374 472
add 56 295 -345
add 121 838 614
query 604 979
query 663 965
query 714 760
add 941 997 -239
query 69 580
add 33 739 -977
add 279 362 140
add 222 730 866
add 547 893 -14
query 705 973
query 755 931
query 806 956
add 467 470 241
add 550 871 -119
add 196 880 -921
add 181 611 723
query 411 413
add 360 951 330
query 401 607
query 460 794
query 619 924
add 516 881 -78
query 249 908
add 42 407 435
query 187 828
query 589 664
add 439 623 -14
add 121 229 -429
add 12 890 915
add 762 864 659
query 612 992
add 122 295 -486
add 38 774 -865
add 310 693 -948
query 56 164
query 90 590
query 112 542
query 459 918
add 705 908 593
query 535 685
add 439 497 635
query 94 630
add 215 330 592
query 85 513
add 708 734 -166
query 26 697
query 485 727
query 782 837
query 443 845
add 110 373 151
query 55 294
query 275 378
query 853 911
add 458 844 563
query 122 648
query 312 656
add 855 859 -257
add 836 880 42
add 388 754 224
query 598 902
query 233 471
add 598 745 104
add 625 912 798
add 567 960 57
query 548 961
query 234 643
query 220 646
add 491 856 -434
add 104 589 893
query 118 894
add 48 542 -802
query 278 452
add 322 502 -548
query 1 957
add 338 497 -314
query 2 996
add 207 323 -450
add 567 938 -794
add 441 449 -84
query 24 107
add 377 871 -187
add 288 304 537
add 206 593 -875
add 99 663 -928
query 82 335
add 38 976 -249
add 264 582 556
add 284 969 -713
add 393 976 845
add 20 704 452
add 256 560 294
query 211 780
query 175 810
query 532 573
add 421 589 692
query 407 702
query 697 837
add 710 961 922
query 209 355
add 418 984 300
add 266 857 245
query 137 830
query 719 743
query 11 875
add 341 865 -405
query 55 920
add 496 947 -405
add 37 489 883
add 961 972 479
add 686 873 466
add 369 974 22
query 401 955
query 35 963
add 130 608 -357
add 74 858 -55
add 141 546 431
query 352 620
add 318 547 943
add 127 336 154
add 769 854 -32
add 709 998 402
add 311 896 -93
add 66 964 551
add 397 779 -197
add 627 720 932
add 545 781 -448
query 162 289
add 301 617 315
add 271 920 -406
add 340 365 -177
query 4 618
query 286 760
query 135 649
add 131 677 313
query 225 943
add 362 894 -267
query 581 635
add 35 856 767
query 638 907
query 167 320
query 292 639
add 170 733 -184
add 123 585 48
add 186 903 88
add 388 716 -775
query 310 582
add 28 819 484
add 81 461 -25
add 520 883 -719
add 283 443 -719
add 73 816 -190
query 372 444
add 385 765 -778
query 329 443
query 72 119
query 665 897
query 345 530
add 379 866 939
query 293 427
query 274 597
add 83 126 -373
query 409 673
query 26 865
add 169 673 503
add 665 702 877
add 614 623 -512
query 18 142
query 307 751
add 34 506 674
query 629 845
add 195 662 715
query 638 851
query 782 841
add 507 604 -85
add 198 782 299
add 774 829 -124
query 848 971
add 638 687 352
query 449 997
query 573 970
query 378 618
add 312 321 -437
add 434 660 -140
query 162 265
query 31 821
query 340 527
add 293 410 227
add 20 793 767
query 133 460
add 142 688 -656
query 54 838
query 537 938
query 360 473
add 54 929 787
query 307 991
add 256 792 683
query 338 515
query 13 282
query 161 900
add 290 477 387
query 93 113
query 136 902
query 18 770
add 161 524 533
add 144 320 570
add 715 891 -243
query 948 972
add 665 862 -78
add 371 670 815
query 451 959
query 550 841
add 32 835 -633
query 595 760
add 160 783 -534
add 847 912 796
query 324 936
query 660 801
query 356 393
query 38 127
query 304 612
add 667 705 591
add 102 530 59
add 386 485 -200
add 840 870 -779
query 166 844
query 714 911
add 304 434 870
add 36 836 -287
query 513 687
query 427 680
add 549 798 -680
add 196 448 909
add 58 700 73
add 670 880 34
query 345 469
add 234 575 43
query 596 681
add 152 905 577
add 58 801 883
query 262 355
query 245 657
add 207 698 721
add 432 508 844
add 604 609 322
query 449 881
add 181 437 468
add 887 974 348
query 407 412
query 329 538
query 135 613
query 243 543
add 35 948 240
add 259 442 -363
add 171 988 -787
add 15 175 769
add 166 571 263
query 16 408
query 380 798
query 221 726
add 606 841 -197
add 27 108 88
add 162 972 -709
query 439 726
add 284 642 -608
query 17 852
add 502 855 -224
query 293 506
query 626 708
add 501 647 -72
add 785 979 -959
add 13 374 -26
add 75 137 606
add 877 999 459
add 583 785 637
query 158 403
add 22 975 62
add 374 997 -497
query 175 605
add 329 763 -407
query 192 333
query 315 770
query 181 302
query 80 99
query 68 982
query 598 732
add 286 993 471
add 537 700 -799
query 535 973
query 176 339
query 568 821
add 631 682 73
add 318 464 22
add 702 741 -379
add 53 577 -60
query 253 891
query 100 633
add 570 596 561
query 66 457
add 111 361 -303
add 281 662 -95
query 187 828
add 299 674 818
query 141 451
add 634 674 13
query 124 836
add 486 822 678
add 27 361 944
add 324 512 679
add 205 680 -991
query 239 551
query 122 449
query 187 760
add 214 679 609
add 665 861 -336
add 185 649 500
add 798 858 -555
add 419 500 872
query 22 578
query 338 565
query 151 458
add 520 678 638
add 102 181 -797
query 59 880
add 671 776 9
query 382 424
query 227 423
query 26 213
query 239 242
query 133 237
add 270 879 357
query 271 305
add 180 629 96
query 121 831
add 82 121 837
query 169 242
add 277 804 797
query 393 770
query 151 158
query 378 989
add 562 789 236
query 136 141
query 346 717
add 295 785 -630
query 729 744
query 342 377
add 369 818 631
add 7 470 -674
add 302 657 -151
query 798 800
query 27 230
add 467 642 -514
query 763 966
add 617 724 -489
query 217 752
query 501 772
add 350 772 -835
add 91 228 -32
add 691 714 331
add 265 951 -345
add 41 934 -707
