76724 58674 34649 77549 72492 15911 90319 21350 53756 26868 99933 34219 40233 29289 22517 45528 70626 97551 5333 10414 95008 11208 10876 79656 49791 89662 27164 97263 30576 40800 91447 13208 50227 64579 36959 26102 42703 63458 69281 30009 52010 94056 3017 37031 53493 80971 50491 61976 74986 28657 65408 80436 32862 19861 9860 81352 10192 9495 74842 50870 21077 99926 53241 6846 33722 84291 98927 12494 11999 9215 27264 57429 75568 10983 98800 45301 44961 22167 37673 32304 47388 26728 58190 57950 63732 60194 24304 37493 58022 38531 54493 48867 4040 76838 43765 20897 81515 71712 79156 70226 59255 92690 20717 35925 41541 66161 65175 74993 19192 36135 27364 90593 87998 96158 85380 40055 95280 67571 58839 66077 95562 18417 72058 2460 93141 17121 11029 61253 60211 34046 804 16978 91409 76650 71847 53709 79875 64424 59456 57378 25992 4204 93704 73341 79935 44665 86001 49337 68221 12254 60143 32658 29652 51442 27997 65790 64898 70721 64054 14397 71374 66188 63430 89246 94701 14231 87701 43062 62902 23323 89962 86119 54027 18554 50064 83317 24012 10931 85565 98903 90913 15030 76243 30449 6110 58836 23310 86625 24810 17401 5305 22072 50397 80416 36889 28839 3223 25782 9565 31688 13011 19095 39722 10138 75831 53846 45763 51331 17419 67522 98279 3824 94023 5978 29063 86941 41129 79303 38739 434 48092 54662 20666 41026 2564 51439 33060 16407 51455 1280 58918 9267 21743 44832 29929 64352 92806 80475 3486 94150 63555 73336 79474 52913 89906 27372 69147 73857 44984 38497 20420 55978 46896 53177 97696 1074 8085 21866 51248 83871 87833 4625 62048 99252 9430 74288 80610 63834 67214 43741 97740 89983 15244 58138 66078 82874 19007 52092 99691 36759 8043 23761 69640 15234 87387 65029 27104 83112 58327 17102 63687 86044 45443 57367 80296 59394 29452 72098 60719 15663 60371 60945 18782 60336 75565 58495 14121 37392 22255 9196 70564 42411 99749 78023 37744 75001 91199 12874 92398 47122 36503 14070 63077 71528 57754 71532 89858 42659 24159 50262 4251 60996 1461 98805 57410 82222 41971 41696 4586 74306 77310 10261 62303 40606 72037 99216 49027 68120 98695 32037 62872 1994 64145 82220 91261 82982 41284 38487 93136 99282 92143 74574 35403 73007 96313 99297 31932 16838 11519 58584 28907 60505 8864 2003 9915 96522 84081 52111 48805 97604 67176 12789 88470 16328 37818 99596 33813 39353 89415 68900 67097 61787 87562 94217 55392 46474 73236 43721 78065 17871 42042 77945 7779 4500 13706 27448 98319 88833 9898 50541 83782 4353 51670 15517 52399 70100 9414 52037 60079 15351 35966 37584 57638 79694 88009 15530 28563 77030 2639 70791 95826 26893 97256 53224 59179 3 52657 26194 89931 6135 75437 45884 65850 24552 37675 87777 49482 23991 88555 50701 5040 29628 50835 5655 22063 82763 74921 36263 77942 13320 61845 28013 73745 86193 70124 6463 56522 89694 42149 98708 84861 11163 29607 95835 57117 26383 77937 58717 47703 35651 83483 97646 36491 27343 12437 62512 93377 11787 21202 61922 33330 80529 24999 57195 25864 57732 10808 29369 82096 22759 81325 37065 22326 4833 36689 73842 80222 30971 6610 18692 44541 92763 35221 87551 96184 74189 70037 71373 60637 89318 21905 59856 21440 64780 63609 18462 13252 7127 64787 11103 27108 79155 51853 64994 41233 2616 84732 8957 76679 79814 64444 26652 25734 33056 57474 71396 25677 37332 49047 68023 90588 70397 52594 9748 45233 68098 21455 386 39746 30067 22985 8685 58517 15184 55246 67031 85513 16094 21378 11753 38741 34581 91856 49154 60755 30383 74452 72717 50971 93771 11227 40700 68989 71561 65103 75615 41108 54584 35188 81108
558
query 18 111
add 464 465 -70
query 136 402
query 268 515
query 122 468
add 19 581 -899
add 72 485 -541
add 137 468 622
add 394 570 -451
add 324 343 259
query 55 549
query 347 429
add 170 427 -527
query 5 388
query 144 405
query 40 151
add 149 205 655
query 390 393
query 265 294
query 229 574
add 41 305 -545
query 42 290
query 154 360
query 237 545
query 391 491
query 28 352
query 29 346
add 342 481 380
add 449 544 -169
add 332 336 -156
add 236 252 846
query 5 13
add 176 452 -280
add 113 583 222
add 80 427 370
add 253 341 348
query 228 336
add 117 212 764
query 193 282
query 365 382
query 116 174
add 181 280 -847
add 288 328 154
query 13 283
query 195 307
add 222 397 919
query 24 206
query 504 529
query 373 555
add 36 131 367
query 166 186
query 16 125
query 203 582
query 201 498
query 10 281
add 527 542 380
add 405 560 883
query 105 523
query 222 584
add 77 287 840
add 112 386 -560
add 380 422 970
query 162 163
query 358 497
add 190 274 620
query 158 363
query 428 507
query 184 544
add 453 518 993
query 246 247
query 349 453
add 109 294 -509
add 6 478 -123
query 162 242
add 28 339 -945
add 20 223 -657
add 442 538 -772
add 85 281 98
add 95 113 -552
query 279 553
add 485 497 -995
query 1 502
add 127 229 368
add 183 528 39
add 375 376 28
query 125 363
query 194 402
query 213 366
query 406 451
query 491 558
query 107 292
query 151 311
add 218 272 -361
query 96 469
query 541 566
add 207 232 -350
query 165 533
add 73 297 -275
query 27 124
add 481 490 583
query 158 477
add 480 529 587
add 211 448 -696
add 123 379 -61
query 290 549
add 48 217 -261
query 210 493
query 76 97
add 155 240 277
add 170 323 -308
query 103 470
query 335 529
query 136 164
add 210 278 -566
add 328 362 33
add 149 385 291
query 203 487
query 67 355
add 304 447 -115
add 59 573 -680
add 31 181 -918
add 144 260 759
query 363 498
query 507 542
add 134 470 893
query 369 477
add 186 214 -695
add 204 516 401
add 354 436 -858
query 187 342
query 174 192
query 21 76
query 206 349
query 468 469
query 362 378
query 173 441
add 83 580 832
add 310 497 -441
add 112 483 -992
add 171 443 151
add 64 366 -800
add 490 535 -908
add 433 517 607
query 271 418
query 376 547
add 138 491 486
query 4 430
query 199 373
query 206 394
add 28 421 377
query 48 85
add 232 291 52
add 26 73 474
add 98 380 477
query 357 490
add 505 560 481
add 122 257 -923
query 163 380
add 292 535 -455
add 25 471 379
query 105 185
query 145 312
query 29 291
query 204 314
query 35 340
add 396 470 -248
query 125 346
query 6 120
add 65 588 -229
add 264 278 -322
query 123 286
query 240 554
query 186 588
query 17 201
query 336 357
query 199 583
query 232 269
add 321 406 837
add 62 116 -372
query 33 152
query 169 293
add 185 399 -811
query 321 436
query 342 500
query 432 512
query 243 469
query 164 517
add 148 274 988
add 196 508 300
query 331 579
query 53 296
query 112 123
query 63 428
query 90 112
query 98 531
query 511 560
add 58 148 -216
query 19 514
query 115 247
query 115 515
add 144 581 993
query 166 402
add 193 365 189
query 138 322
add 43 436 -565
add 399 573 -668
query 471 478
query 292 392
query 59 326
add 179 293 822
add 109 482 697
add 438 586 878
query 199 388
query 196 208
add 325 549 526
add 339 483 -910
query 78 211
query 238 244
add 25 274 835
query 441 556
add 118 295 -410
add 151 159 -2
query 50 107
query 283 338
add 268 557 451
add 320 506 353
add 124 217 -535
query 30 57
add 31 356 -956
query 325 346
query 196 239
query 98 503
add 188 493 855
query 46 508
query 2 449
query 120 468
add 262 284 876
query 259 416
add 168 520 -376
add 64 235 816
add 34 335 242
add 23 458 -296
add 400 494 -84
query 88 568
query 149 158
add 247 549 -264
add 180 183 569
add 374 435 -476
add 316 563 -286
add 131 535 679
add 162 278 853
query 245 454
add 30 488 -22
query 22 326
query 196 529
query 324 394
query 440 470
add 394 502 -738
query 83 356
query 108 520
add 136 580 576
add 446 574 980
query 153 422
add 82 266 -623
add 108 546 -45
add 153 269 -885
query 518 565
add 56 312 575
query 411 576
query 367 481
query 331 450
add 298 577 245
add 198 494 -762
add 272 543 -447
query 31 547
query 83 434
query 201 246
query 52 521
query 70 407
add 276 464 796
add 68 519 480
query 259 582
query 524 585
add 43 55 -61
add 90 399 -202
add 42 238 669
add 60 279 838
query 303 488
add 1 535 171
query 29 421
query 6 6
query 141 213
query 155 289
query 226 448
query 80 522
add 353 362 488
query 506 510
add 91 410 530
query 134 183
query 83 246
query 68 580
query 126 440
add 503 566 548
add 295 511 -128
add 42 495 17
add 68 380 594
query 71 432
add 345 491 862
add 184 224 -318
query 6 563
add 188 519 -516
query 98 236
add 136 363 -694
query 285 459
add 230 445 -39
query 53 502
query 271 463
add 276 370 -604
add 399 407 925
add 77 436 -616
query 345 483
query 188 441
query 8 482
query 190 412
add 100 305 -270
query 91 576
query 295 571
query 88 345
query 408 418
query 118 179
add 356 586 758
query 241 350
query 56 221
query 447 524
add 92 351 -335
add 95 522 -537
query 223 230
add 233 398 299
add 70 197 842
add 33 562 410
add 126 377 -138
add 244 334 572
query 403 480
add 92 188 50
query 244 573
add 15 137 -493
query 20 354
add 229 361 -651
add 167 531 287
add 128 278 983
query 60 573
query 339 461
add 8 456 146
add 488 528 81
add 8 251 -37
add 36 521 345
add 288 392 -269
add 56 61 -615
query 359 578
add 223 563 809
add 209 584 -129
query 72 78
add 49 190 -965
query 272 331
query 125 464
query 158 522
query 154 437
query 201 296
query 21 33
query 20 482
query 315 531
query 139 317
add 399 471 -63
add 171 251 474
add 76 562 854
query 52 346
add 22 380 391
query 349 434
add 18 340 -988
query 119 172
query 79 417
add 220 488 331
add 37 457 659
add 270 270 337
query 376 545
query 163 389
query 50 56
add 37 146 -65
add 125 442 -162
add 1 443 -134
query 321 388
query 71 212
query 478 554
query 98 342
add 41 186 -143
add 315 362 -119
add 17 21 920
query 66 425
add 141 312 521
add 3 510 36
query 96 234
add 140 325 118
add 57 357 -30
add 10 22 149
query 378 528
query 277 548
add 339 586 826
add 157 470 -446
query 335 399
add 126 128 745
add 122 394 -279
query 316 466
query 475 556
add 59 353 -482
query 39 454
query 51 581
query 152 368
add 112 408 411
query 32 375
add 149 186 676
query 83 193
query 204 389
query 164 522
add 80 555 218
query 308 488
query 238 487
add 325 536 605
query 363 583
add 352 366 58
add 323 541 -203
query 164 405
add 233 491 -267
add 155 231 -934
add 231 453 861
query 31 357
add 185 398 -159
add 110 207 795
query 98 376
query 331 401
add 46 237 243
add 273 349 -359
query 295 537
query 170 203
query 308 376
query 400 571
add 377 446 529
add 466 567 -84
query 323 448
add 277 558 16
query 189 249
query 247 503
add 160 278 -622
query 94 469
add 73 462 -604
add 111 314 -115
add 143 341 -774
query 24 71
query 96 388
add 35 118 208
query 244 371
query 233 451
add 52 131 977
add 2 545 162
query 357 453
add 271 542 -692
add 410 565 -456
query 72 311
query 320 390
query 156 180
query 63 129
query 158 320
query 567 570
add 404 539 486
add 234 303 843
add 123 515 457
add 152 452 904
query 471 473
add 19 197 718
query 389 574
query 306 454
query 16 554
add 65 524 920
query 144 182
query 96 394
query 294 469
query 319 577
query 207 363
add 505 562 -193
query 121 587
query 206 212
query 204 474
query 263 325
query 30 475
add 215 551 -7
add 393 530 -649
query 432 490
add 174 316 801
add 420 457 -74
query 80 178
add 353 484 -378
query 333 351
add 335 450 52
add 271 385 -4
add 145 469 -511
query 95 579
add 323 471 274
query 232 357
add 69 228 249
query 125 166
query 192 260
query 329 395
add 266 463 268
query 95 240
add 153 221 254
add 220 507 -829
query 330 482
add 131 176 -156
query 541 541
query 44 261
query 77 546
add 198 332 -351
query 295 316
query 177 353
query 99 276
add 568 584 785
query 380 387
query 23 471
add 378 545 -159
query 103 499
query 506 521
add 120 386 -710
add 281 418 -949
query 147 509
add 294 376 340
query 107 355
add 244 405 -76
add 19 585 -607
query 213 297
query 37 351
query 212 402
query 161 545
query 81 524
query 239 322
add 31 340 533
query 206 490
add 127 428 -479
query 81 518
query 48 508
add 78 579 441
query 146 308
query 198 323
query 195 461
query 115 337
query 171 561
query 69 77
query 75 186
query 383 475
add 162 242 572
