86613 81588 10583 28678 74273 29594 31836 1638 37686 35137 30225 84553 79172 4810 91943 3988 16124 39706 73474 55115 81689 50861 68104 97340 6942 21194 45053 51908 70011 75538 574 98974 91657 28426 53460 87060 22018 25677 84793 15977 59228 1310 497 8551 2856 62358 36208 12670 77332 69303 28700 73513 50373 38672 72405 66986 52395 2684 75863 77697 20364 13360 21417 60712 4657 73740 79481 95716 16710 53556 89497 62288 88495 47 9222 39382 19027 72471 58656 46907 67546 42876 78820 52760 54865 81839 90425 53645 35541 66996 61294 47482 80709 85376 36354 15740 25148 60771 87304 53350 67101 18545 6431 89759 19778 7013 96943 61231 16210 20693 48519 99519 31609 2987 271 56040 3946 41569 53284 3425 41244 31262 70127 3789 69915 59955 56658 69149 60898 23163 39616 34622 49982 25954 67542 41215 2691 98752 80239 90181 86661 11925 78132 68560 14198 16235 74150 3118 13751 5964 66245 2462 96250 89231 31381 63371 23454 68522 93066 89406 85369 46794 78567 43475 59734 70870 1373 86670 19733 19548 55546 36942 71950 47816 57388 40893 99343 13394 86762 53965 45101 89193 11475 11344 12491 91774 77696 14158 205 6487 536 89656 31868 79563 1039 37407 16150 80726 65581 7493 83333 52807 55226 48864 71692 31215 75878 68875 15452 92638 5568 43418 53771 34709 14663 39599 47406 92593 13671 24711 38113 74953 57631 56211 98570 37000 5763 98197 40666 73793 58856 40418 92092 84850 86311 41312 3837 56489 75323 42176 62046 43315 93244 13802 597 15542 80821 70907 69017 12098 20048 14415 6094 81610 96408 14524 57986 75995 18674 13235 97483 24763 72152 11302 69763 75753 41661 23392 95387 95466 12488 80768 56847 58153 25037 50871 29166 19546 2260 66413 57970 69503 39079 83268 29809 25241 4734 59662 82827 70364 66180 57376 28185 94100 62866 9473 81080 68231 66825 53084 61948 55590 73175 1899 82194 43660 71806 71357 19995 677 99373 96939 73684 99428 49974 1428 6600 93738 95062 46938 81697 41146 15543 84786 79983 96525 40462 54284 34480 11274 20721 57654 28294 5573 16725 62089 55327 34686 20683 67863 16580 61613 93615 21137 67876 57332 65203 19472 78981 50665 57977 48903 75044 10850 8871 19672 40445 26251 50444 43911 28414 76213 60131 34379 93754 59987 12086 16508 100000 56002 48607 56324 3109 80894 65679 9925 23462 32848 12392 1070 38844 62366 61821 74066
774
add 154 319 -587
add 165 275 71
add 147 365 498
query 69 88
query 108 233
add 17 46 -903
add 204 264 -651
add 180 372 -740
query 237 317
add 164 232 517
add 189 246 -316
query 323 324
query 241 326
add 217 271 -580
query 51 153
add 24 152 439
query 67 284
query 30 48
query 133 235
query 125 192
query 61 203
query 195 195
add 63 131 911
add 106 352 30
query 87 257
query 1 164
query 221 240
query 279 300
add 207 249 -881
query 9 147
query 228 269
query 57 124
query 94 187
add 164 357 -691
add 70 182 440
add 5 245 -885
add 255 311 -977
add 316 330 -876
query 233 369
query 1 14
add 18 63 -188
query 234 367
add 338 376 -764
add 153 305 166
query 339 350
add 84 304 -985
add 252 295 -634
add 223 300 440
query 35 331
add 4 232 -958
query 97 199
query 126 154
query 176 276
add 104 238 -236
add 122 201 407
add 20 86 -125
query 262 326
add 64 335 -278
query 170 280
add 167 278 397
query 55 161
query 88 154
query 80 225
add 7 324 -797
query 154 206
add 87 255 317
add 89 274 192
query 175 255
add 66 93 -533
add 177 228 822
query 146 229
add 85 326 658
query 228 372
query 188 375
query 30 194
add 308 357 951
add 47 377 -303
add 10 39 325
query 96 163
add 114 343 512
add 46 216 -523
query 57 107
add 120 174 381
add 89 260 -467
query 185 378
query 253 346
query 119 154
add 98 148 -396
add 222 335 879
add 100 260 801
add 107 188 248
query 250 319
query 73 251
add 96 178 -313
add 133 138 182
add 61 286 -292
add 5 325 -124
query 56 276
add 235 268 396
query 9 347
query 84 347
query 312 367
query 14 268
query 166 227
query 65 321
query 27 81
add 119 366 -636
query 260 328
query 35 102
query 246 373
query 132 250
query 33 188
add 2 63 487
query 215 317
add 179 270 917
add 187 381 -823
query 29 207
query 155 361
query 8 82
add 242 305 -997
add 213 233 -36
add 0 343 -542
query 153 240
add 39 208 -184
query 202 313
add 27 264 551
add 279 353 39
query 273 352
add 114 318 682
add 79 356 -636
add 293 378 -589
query 151 350
add 217 323 880
query 203 363
add 97 301 -928
add 0 275 513
query 319 371
query 325 340
add 153 238 -4
query 106 298
query 86 374
query 183 314
query 218 296
add 115 248 -221
add 172 238 257
add 11 344 -892
query 68 335
query 94 190
add 38 380 183
query 169 175
add 258 272 71
query 171 223
add 283 373 313
query 8 247
query 15 335
add 235 352 202
add 49 133 -350
add 312 350 -801
query 313 317
query 95 354
add 323 327 -39
query 253 259
query 170 227
add 118 227 -999
query 312 383
query 32 158
add 247 338 -281
add 246 308 149
add 128 146 -915
add 319 380 537
query 41 257
add 40 154 880
query 105 158
add 64 363 -948
query 21 299
query 86 204
query 58 324
query 279 345
query 124 153
add 50 179 -806
query 239 382
add 183 327 -11
add 51 212 301
query 276 339
query 101 144
add 73 93 -277
query 63 236
query 226 332
query 307 346
add 14 236 -62
query 11 139
query 23 272
add 13 276 -211
add 144 159 714
add 182 226 -743
query 112 205
query 65 209
add 108 220 -409
add 16 186 219
add 214 275 482
add 198 312 911
query 39 121
query 285 297
add 269 309 667
add 7 188 465
query 96 279
add 0 34 -647
add 132 277 289
add 153 239 -682
add 230 243 309
query 146 214
add 27 278 -688
query 191 249
query 270 333
add 155 229 210
add 279 294 765
add 66 355 -562
add 99 253 43
add 167 380 -947
query 296 305
add 1 289 -909
query 68 234
add 52 125 137
query 25 335
add 18 79 37
query 152 222
query 201 213
add 8 94 -275
add 326 369 -939
add 113 244 103
add 6 157 -198
query 146 266
add 74 376 -629
query 79 354
add 77 261 894
query 17 289
query 15 257
query 153 353
add 300 336 131
add 44 312 -731
add 153 250 -345
add 4 108 224
add 150 271 954
add 247 265 578
add 221 370 361
query 13 270
query 230 249
query 76 103
query 102 312
query 107 110
add 139 147 939
query 3 74
query 48 181
add 288 335 710
query 90 337
query 27 179
add 17 284 -212
add 82 354 -575
query 189 231
query 126 134
add 190 273 743
query 92 308
query 162 324
query 17 179
add 8 275 -401
add 76 92 653
query 255 266
add 57 206 -33
query 52 161
query 15 297
query 141 283
query 58 133
query 1 185
query 57 99
add 39 260 95
add 36 336 -125
query 16 138
add 37 103 229
add 98 263 805
query 21 178
query 98 342
query 1 378
query 325 339
query 94 204
add 24 362 -510
query 204 353
query 90 137
add 1 84 -776
query 124 185
add 83 161 -459
query 261 325
add 95 215 452
query 135 180
add 122 376 -630
query 233 264
add 78 104 422
query 146 174
add 32 195 333
add 1 313 338
query 67 72
query 72 127
add 200 298 761
add 11 225 -6
query 56 153
add 148 247 -342
add 115 366 -458
query 141 232
query 95 137
query 51 382
add 214 355 -696
query 219 265
add 19 306 286
query 145 189
add 57 325 390
add 160 336 91
query 183 274
query 220 348
query 171 206
add 298 363 553
query 171 205
add 5 208 -697
add 177 299 523
query 84 114
query 174 235
add 91 141 -956
add 149 156 901
query 90 130
query 100 206
add 222 273 122
add 134 157 94
query 227 327
query 0 216
add 147 182 643
query 73 236
query 258 376
query 6 307
add 126 319 -241
query 10 56
query 150 165
add 29 367 624
query 175 333
query 169 353
add 221 321 -270
add 78 109 513
add 10 148 -422
query 170 248
query 131 292
add 233 322 867
query 101 261
add 79 252 901
query 187 381
query 212 229
add 17 234 -491
query 3 80
add 181 360 148
query 98 321
query 219 311
add 182 242 -869
add 21 266 784
add 82 99 -859
add 160 200 683
add 16 329 -48
add 251 294 909
add 118 239 506
add 152 192 826
add 294 346 10
query 217 306
query 160 238
add 206 246 -754
add 116 258 252
query 323 363
query 147 333
query 103 227
query 85 115
add 182 364 983
query 294 337
add 72 153 -481
add 32 126 -274
query 137 358
query 83 133
query 40 64
add 201 225 122
query 172 273
query 39 153
add 95 313 494
query 136 352
add 49 235 806
query 309 334
add 114 156 -616
query 14 349
query 68 102
add 260 362 -634
add 34 56 269
add 92 258 -151
add 60 303 -688
add 208 249 336
query 103 380
query 78 272
query 97 213
query 123 292
add 6 166 -746
query 229 374
add 22 275 60
query 4 328
add 104 276 -588
query 39 153
add 96 158 -871
add 84 290 -899
add 80 160 364
add 63 92 595
query 180 340
query 30 360
query 76 176
query 174 324
query 193 293
query 314 330
add 23 32 -626
add 82 102 -849
add 91 243 -846
query 3 141
query 209 334
add 185 322 -453
add 90 318 -565
add 208 369 831
query 94 206
query 88 361
query 22 331
query 38 378
query 151 191
query 109 193
add 79 171 -824
query 255 361
add 313 374 560
add 170 379 -351
query 152 304
query 53 361
query 210 310
query 148 347
query 143 199
add 5 90 467
add 262 298 -636
add 65 97 -162
query 57 341
query 199 266
add 18 25 765
query 20 348
add 35 52 -222
add 145 353 273
add 25 266 851
add 1 175 -481
query 236 321
add 9 201 191
add 164 304 -603
query 66 210
query 145 238
query 0 174
add 41 161 -197
add 132 237 3
query 54 288
query 21 130
add 175 354 -780
add 176 223 -552
add 263 372 992
query 141 335
add 103 350 322
query 6 129
add 14 175 480
query 46 263
add 84 324 658
add 88 377 -635
query 53 101
add 98 327 320
add 183 382 709
add 164 236 -78
query 228 247
query 251 282
query 185 221
query 4 227
add 51 110 -375
query 62 179
query 111 195
add 26 180 -907
query 263 270
add 20 102 -683
query 106 141
query 180 361
add 136 183 134
add 98 122 -498
add 11 245 440
add 130 346 236
add 105 173 963
query 294 369
query 17 118
add 38 133 -764
query 12 82
query 45 47
add 175 380 104
query 151 169
query 180 310
query 5 262
query 148 289
query 92 258
query 261 307
query 129 144
query 183 276
query 94 315
query 250 360
query 95 303
add 99 227 287
query 239 246
query 28 228
query 177 296
query 198 324
add 80 128 -406
query 26 112
query 196 271
add 254 259 291
add 218 358 886
query 42 102
query 160 200
query 310 324
query 5 258
query 80 86
query 65 98
add 5 290 -498
query 12 147
add 177 255 -628
add 149 155 429
add 213 319 406
add 194 330 -740
query 313 314
add 47 238 -680
query 124 171
query 225 312
query 198 226
query 104 351
add 75 129 -549
query 168 221
add 34 367 638
add 172 259 -717
query 266 321
add 138 343 -990
query 96 269
query 34 53
query 26 152
add 136 224 -859
query 53 150
query 186 244
add 209 327 203
add 157 332 325
query 126 232
add 147 296 -225
add 17 297 -956
query 201 332
add 265 302 -264
add 260 306 -152
add 34 249 -143
add 65 269 -56
query 107 353
add 159 160 713
query 55 340
add 53 71 515
query 42 192
query 34 333
query 222 224
add 159 337 -283
query 190 375
add 162 291 -664
add 239 362 -17
query 141 252
query 90 228
add 102 296 -523
query 101 141
add 88 311 -214
query 176 290
add 101 238 -449
add 39 185 -628
query 5 215
query 222 266
add 84 101 413
add 109 225 546
add 151 186 -846
query 205 312
query 114 356
query 13 221
add 87 335 -343
query 69 366
add 48 280 -21
add 344 370 326
query 302 323
query 153 262
add 125 151 105
query 312 320
add 158 248 617
add 21 170 288
add 12 180 -683
add 62 159 956
add 324 325 126
query 269 348
add 280 332 -331
query 346 382
add 123 191 -757
add 46 271 171
query 154 233
query 127 259
add 7 347 -39
query 267 333
query 111 274
add 19 193 765
query 29 69
add 111 240 976
query 235 304
add 261 368 -721
query 23 136
query 19 245
add 73 180 446
add 48 376 -669
add 229 314 -72
query 178 293
query 273 360
add 98 326 423
add 164 223 222
add 130 367 -57
add 19 229 790
query 260 373
add 81 142 -834
query 111 312
query 223 247
add 73 126 -165
query 180 297
query 63 329
add 120 197 -691
add 22 354 -268
query 129 150
query 3 221
add 241 275 -425
add 298 308 -547
add 31 56 637
add 171 216 363
query 32 102
query 95 374
query 214 338
query 111 116
add 111 134 219
add 198 208 89
query 16 248
query 147 379
add 204 292 -439
add 80 125 146
add 34 159 -311
query 317 337
add 34 292 -435
query 159 335
query 136 137
add 83 112 6
query 133 327
add 51 285 328
add 100 334 -210
add 103 177 -907
query 79 179
add 17 357 392
query 16 259
query 92 382
query 56 111
add 106 248 -901
add 23 43 -378
add 179 341 495
query 108 237
add 79 269 -996
add 55 119 606
add 159 331 -454
query 92 241
query 104 305
add 268 368 614
add 18 288 -186
add 198 324 -407
add 25 251 64
add 84 156 -63
query 309 363
add 209 341 -579
add 361 370 -112
add 229 372 854
query 27 328
add 309 360 -646
add 43 165 18
query 216 308
query 113 355
add 46 271 -193
add 59 82 -886
query 46 198
query 38 217
add 273 333 808
add 56 200 -542
query 278 376
add 174 237 263
add 155 174 468
query 105 352
add 56 230 -901
query 31 100
add 27 351 326
add 98 251 562
query 76 278
query 0 366
add 39 254 -892
add 86 190 811
query 88 208
add 59 332 854
query 216 269
query 127 184
query 173 294
query 68 112
query 93 129
add 66 355 998
query 248 259
add 258 367 -118
query 174 308
add 51 101 656
query 43 77
query 65 145
add 32 301 726
add 158 257 436
query 192 322
query 112 217
query 326 355
query 272 293
add 137 356 291
add 55 88 683
query 193 306
query 173 350
query 98 328
query 25 234
add 49 168 -32
query 35 322
add 244 349 -759
query 192 367
query 20 262
query 147 200
query 41 270
query 111 251
query 95 270
query 275 348
add 127 136 439
add 135 292 455
add 42 103 -522
query 101 267
add 1 293 -892
query 288 289
query 203 374
add 86 348 -604
add 21 219 -23
add 211 220 782
add 36 211 149
query 288 298
add 102 345 -833
add 58 229 -337
add 129 316 744
query 211 216
add 93 169 -347
query 26 358
query 117 118
query 144 341
query 207 251
query 106 339
add 292 349 -195
query 147 236
query 101 382
add 44 58 420
add 115 125 600
query 213 264
query 82 317
add 22 212 270
add 234 272 441
query 49 341
query 58 207
