3805 4004 5605 10708 30886 12351 4471 14647 30058 9576 10971 20657 6480 15102 9604 28852 17039 30633 18826 27846 13093 8127 27392 9605 29388 24420 31618 9192 3370 24566 23053 31175 72 19624 21779 2974 28485 2668 4815 10126 27980 10007 21463 3492 29891 17343 17392 19806 24261 32360 19749 7275 28371 7904 8475 2739 18118 2792 27807 14231 22280 17812 27009 27770 7940 32245 17061 16512 20955 28917 32343 10645 13145 8833 25311 7858 16679 12782 2389 12123 31810 19861 4791 13421 26283 2497 13113 32278 2401 7884 2012 8997 5772 21124 27202 21892 31739 4307 14017 24578 31184 30624 14518 12630 4474 23024 12572 6241 24804 32337 11101 5556 15852 7288 5223 26194 9751 24105 18435 11191 22147 26455 2146 21785 8221 10637 5113 11757 19475 1676 19856 13741 9357 1590 10901 9433 30104 9130 23477 17212 6754 30129 25518 29552 27309 13913 4190 6052 7294 28127 2592 13213 28181 17618 27993 28667 11298 16758 8782 25278 26678 29799 26425 16648 29560 22654 16539 24100 29081 27128 17363 7112 6154 14549 28656 12183 28012 31359 2244 25066 7496 24236 10297 10704 13312 11141 31209 19028 22277 25864 21736 21758 19787 939 10212 13724 27642 32322 27505 11073 15207 11042 3742 21135 26690 15495 4556 9522 21777 23603 17344 4781 24540 10840 21750 5721 12330 9144 13624 28330 8493 13067 28528 22965 7226 29089 30651 31471 30588 23368 8126 20024 11496 31088 9533 19480 32115 18829 3817 9032 21635 25277 19322 11124 32676 7851 18174 30015 3709 18867 27249 7048 28418 7751 14733 14827 6635 3985 739 11403 25444 10073 22059 32015 17414 31530 13529 8427 11782 31920 12529 27873 17068 10597 28187 25031 31751 23917 14586 13962 7904 19901 10426 17267 2284 28035 32488 12969 12101 17090 14727 6648 24859 28221 2912 25040 8871 27287 11929 7569 13409 18104 17801 14597 6771 24435 15819 7982 14445 23653 27025 15939 21818 29728 17211 3317 6995 15241 3881 29942 26930 1150 20429 18108 1546 4028 16388 6787 3765 5632 18342 17041 12014 27757 7771 12989 31424 18478 4273 306 31806 25948 7020 25713 18805 5410 20766 21141 13983 30495 15863 9691 30874 25099 15837 27233 19352 16286 30911 14638 29207 24493 31015 17523 8212 1687 4367 30992 9851 15071 246 22874 29411 5658 5427 29980 14200 7436 11656 8924 20280 25358 25338 24159 12899 31922 16352 28783 3884 1450 15931 17371 23221 15846 69 3008 28218 509 30541 7943 1165 8910 27841 11567 11202 24679 8589 12364 32555 3110 30627 16464 15751 5661 23003 11146 3958 2491 22014 30828 4656 15785 7453 13457 31351 15091 24104 13567 25546 8040 11964 11177 8156 32579 30267 13880 6724 2571 3874 18954 9334 30391 4759 8571 15858 31510 578 3684 11451 21102 17502 21986 31243 5988 9744 31065 10053 29979 22519 4280 12075 29600 6404 6654 10065 25478 908 25085 5585 11469 12443 27229 20289 1289 9612 28901 28898 20671 16342 31734 19226 13331 4905 4184 20517 5792 28090 29754 23303 7848 30427 9075 25285 26477 7118 22798 28116 30430 16091 20998 22994 13942 23712 11598 19316 29538 7081 3348 23232 10722 31296 23879 20348 8177 3718 25431 486 4904 3267 31548 13221 32224 2043 9657 29952 14231 8386 19426 27214 29845 5712 23516 1453 26830 28120 8932 2295 4619 9238 2194 25586 27973 7464 3935 17095 6993 18078 15974 24758 14531 8148 22631 29447 27916 7296 1041 16452 29925 5511 18817 14245 11249 15381 2310 7372 22941 17132 20263 7090 17740 12796 10727 22754 21937 6196 25415 20965 16251 3993 17677 8701 1848 18325 18884 32534 23155 2449 24324 761 1056 27590 7411 5315 59 9807 5900 1685 29355 16003 10783 15246 1388 31875 27545 27126 29165 24335 7686 19900 14775 414 20180 24355 21072 10413 346 25016 18527 26711 2841 24455 7696 6438 1345 25742 26810 3881 30583 3698 29120 18246 8149 17521 24245 32466 31794 11160 9411 26975 30884 11062 19277 30933 26436 5520 16851 27589 9521 18646 19734 5625 4312 23638 20349 5968 13682 11760 28856 29897 20429 25546 26787 18397 4176 13893 29037 30738 15930 5679 9465 13005 8234 826 18820 5479 19940 9900 20873 15748 20306 1625 4833 13216 11465 25550 31023 25579 21646 7120 14203 6487 31129 6661 15645 12015 20376 13552 29149 27498 18487 1571 32088 15104 13727 4783 7590 15228 30268 22496 20793 20115 3524 4135 22536 9844 20341 17496 20461 160 32158 32021 28748 764 608 10378 10486 28452 9654 2140 10317 8195 25779 15323 3240 1441 19979 14975 17657 4923 2005 21138 25773 21401 25231 42 28371 6044 7523 12378 23681 29463 16296 17577 25203 31711 11180 27331 14838 32550 20145 7279 28932 8452 4661 23489 1457 6743 29303 32657 20678 2253 24118 9260 939 1343 17340 5192 15754 29761 28443 15934 31665 17655 7607 2419 26936 4650 27396 8215 20964 22938 31377 275 15436 15766 838 28220 28474 1227 8170 2765 26196 19546 2279 15892 31228 8237 6994 11883 15988 28042 20774 26730 24134 1000 3792 1627 29667 6146 27121 27630 9866 32043 19807 27183 3691 2273 7789 24500 9229 21668 18284 10523 16109 21001 19313 30132 26472 25866 18265 21626 32730 30880 1035 3400 2312 16788 32253 6729 1467 9105 1530 21937 16814 27775 24354 12202 32682 23052 32306 145 21232 7563 19973 19299 10199 20994 7515 1138 16310 6270 6618 12381 9220 20138 31826 28478 21694 5024 19013 18469 13833 3839 20647 18630 281 11838 15330 19822 15441 19520 28957 1340 32428 30504 3262 1677 603 18542 10797 1976 19120 819 22747 4092 24890 27857 25220 13494 28210 5047 18097 14039 12309 30836 3968 5270 5779 19729 25511 25442 1192 16036 31159 1563 32265 32034 20638 4993 17345 30069 20848 237 9244 29134 15975 25919 452 5181 4904 26647 22058 24447 14919 12616 13095 16919 15374 27785 2020 22432 19066 13678 11511 21601 20103 32663 31694 20258 23213 20264 30033 23870 9899 21880 15299 13562 30851 17934 25577 18965 7878 30665 24943 6304 24593 9822 4743 4624 984 26632 11987 24722 22626 11130 7557 29854 23061 21017 30405 4303 24564 14952 13395 18418 29030 20163 21869 8541 10553 
1000
add 218 401 918
add 390 794 -498
query 533 632
add 398 983 -846
query 81 902
query 89 425
query 813 823
query 272 708
add 255 807 -984
add 782 975 48
add 710 967 -1
query 520 858
query 680 722
add 665 867 490
add 258 840 429
add 656 992 -427
add 325 956 827
query 164 248
query 164 975
query 666 700
add 121 446 -366
add 239 643 85
query 113 781
add 25 722 -290
add 642 805 851
add 379 799 -648
query 45 188
query 84 154
add 56 749 790
query 466 781
query 101 948
query 195 780
query 669 777
query 7 993
add 511 556 5
add 148 541 -682
add 64 889 -508
add 636 923 224
add 730 731 352
query 36 641
add 265 291 186
add 482 902 -371
query 286 296
add 147 974 2
add 266 619 -686
query 879 957
add 556 762 559
query 476 745
add 8 45 861
add 478 505 42
query 119 191
query 514 546
query 655 750
query 835 991
query 108 508
add 564 837 392
query 525 754
query 547 824
query 93 199
query 67 288
add 204 706 -873
query 921 956
add 816 868 640
add 304 944 -988
add 485 674 -590
query 408 595
add 761 820 388
add 442 972 961
query 938 952
add 512 881 911
add 314 624 -4
query 241 778
add 20 994 -450
query 233 802
query 193 230
query 239 578
query 681 818
query 636 784
add 289 819 46
add 20 329 -353
add 616 986 -331
query 698 702
add 440 858 -739
add 587 938 -371
query 19 341
add 159 592 363
query 132 405
add 30 607 239
query 196 201
query 11 740
query 377 615
add 562 807 -529
add 529 994 510
add 502 975 -60
add 500 500 -295
add 738 929 -573
add 128 501 -74
query 111 762
add 256 463 40
add 46 78 751
add 196 414 92
query 498 644
query 507 961
query 159 660
query 8 373
query 33 196
query 313 760
add 297 348 -489
query 582 988
query 473 720
add 134 394 -900
query 30 923
query 49 700
add 731 970 90
query 531 729
query 355 909
add 37 633 966
query 605 995
add 134 979 564
query 329 661
add 349 757 -959
query 93 612
query 178 948
query 138 971
query 56 191
add 610 825 713
add 167 529 -834
query 235 913
query 328 454
query 269 953
query 400 929
query 343 447
query 268 970
add 307 583 519
query 420 927
query 349 741
add 816 996 915
query 458 788
add 540 817 -624
add 318 991 -54
query 52 538
query 413 676
add 617 933 -72
query 610 786
add 367 861 653
add 438 694 574
add 365 376 -347
query 285 572
add 162 592 506
add 414 718 -659
add 395 613 713
add 69 712 736
query 214 767
add 182 958 861
query 165 461
add 468 780 -544
query 471 766
add 359 972 256
add 535 583 -706
add 38 575 -504
add 306 936 -221
add 188 503 840
query 406 618
add 372 567 -509
add 391 712 -461
add 410 865 963
add 222 393 862
query 43 389
add 151 405 871
add 53 941 381
query 828 858
query 178 201
add 374 782 223
query 591 951
add 60 235 325
add 127 754 -378
query 273 288
add 267 950 -301
add 742 993 936
query 109 124
add 103 446 761
add 179 445 483
query 248 976
query 144 455
add 951 994 -293
add 342 651 271
add 525 647 278
query 217 823
query 478 673
query 376 876
add 116 654 -78
add 193 912 680
add 212 601 184
add 611 656 -980
add 346 438 880
add 100 273 -702
add 842 923 -502
add 637 993 -769
add 273 626 -530
add 525 958 31
add 86 688 -409
add 300 736 704
query 175 958
add 64 476 -262
query 763 941
query 72 515
add 762 781 -779
add 147 151 -429
add 787 817 -244
add 122 869 916
query 154 854
query 148 317
add 403 933 -759
add 219 443 99
query 452 863
query 571 818
add 114 432 523
query 99 817
query 222 987
add 470 902 804
query 319 513
query 108 291
add 174 496 62
add 659 902 917
query 6 635
query 209 231
add 345 427 85
add 561 918 362
add 16 41 364
add 131 890 917
query 333 946
add 217 260 -696
add 274 955 -127
query 628 743
query 493 751
add 537 911 318
add 567 977 -781
add 119 998 -933
add 580 937 890
query 485 947
query 13 72
query 135 229
add 731 819 -314
query 526 892
add 363 849 612
add 135 793 -952
query 389 446
query 93 195
add 476 613 583
add 153 986 931
query 65 173
query 304 979
add 448 755 -168
query 397 496
add 678 846 199
query 125 858
add 37 388 -256
add 478 510 -476
query 270 459
add 716 911 -419
add 624 707 523
query 506 955
add 104 293 -977
query 473 979
add 390 961 -272
add 293 780 615
add 225 818 675
query 429 725
query 276 744
add 545 900 519
query 254 650
query 4 780
query 126 364
add 149 399 -780
add 461 881 559
add 121 598 270
query 348 457
query 263 345
query 49 88
query 285 628
query 948 966
add 164 468 936
query 369 714
add 43 192 57
query 38 861
add 136 182 -764
query 506 722
query 182 959
query 407 516
add 177 364 896
add 661 710 -656
add 90 347 898
add 123 289 171
add 77 672 -695
query 38 225
add 947 985 -163
query 447 505
add 163 341 116
query 509 559
query 319 435
add 644 787 820
query 719 906
add 147 883 -432
query 346 367
query 273 761
add 57 422 573
add 615 846 295
add 120 721 -966
add 139 792 329
query 352 481
add 503 783 -941
query 441 820
query 254 833
query 622 623
query 21 678
query 401 485
add 64 979 -260
query 397 410
add 237 806 -261
query 78 803
query 270 880
query 286 590
query 423 491
query 209 782
query 346 430
add 241 535 -545
add 240 906 720
query 155 939
add 763 794 150
add 363 588 213
add 289 498 50
add 29 894 731
query 140 426
add 750 980 246
add 167 427 720
query 798 994
add 213 472 227
add 114 326 -716
query 23 527
query 659 954
query 157 575
add 52 95 852
query 9 322
query 606 643
query 147 777
query 294 342
query 168 554
query 126 145
query 280 881
add 339 978 -390
add 374 654 285
add 674 759 699
add 351 901 -308
query 121 397
add 733 872 956
query 49 374
add 103 249 413
query 295 924
add 399 692 782
add 33 755 -562
query 295 863
query 594 988
query 133 921
add 459 825 -401
query 418 776
add 22 149 -860
add 254 855 -659
query 192 527
query 655 925
query 116 806
add 318 337 919
add 196 264 -45
add 54 784 554
add 118 223 -242
query 676 692
add 564 841 -362
add 72 421 595
add 50 795 -305
query 81 931
query 169 566
add 118 573 788
query 431 971
query 488 915
add 54 935 886
add 149 340 264
add 268 593 727
add 20 507 778
query 300 810
query 79 162
add 680 966 -706
add 185 304 425
query 289 934
query 140 751
add 392 626 498
add 216 359 909
query 167 284
query 295 554
query 131 758
add 468 531 314
add 512 847 -113
add 345 897 -773
add 139 202 94
query 434 751
add 571 949 -376
add 187 247 819
query 253 839
query 240 629
add 12 226 730
add 211 910 -546
add 421 977 -905
add 639 929 -104
add 20 314 -778
query 363 477
add 309 503 -382
query 580 753
add 552 919 -685
add 167 424 400
add 349 367 -780
add 432 565 -976
query 312 879
query 204 544
add 289 473 718
add 291 982 716
query 366 410
add 410 561 -427
query 654 679
add 403 620 317
query 16 174
add 683 707 -170
add 319 619 -673
query 4 7
add 899 909 -489
add 277 711 647
query 119 593
query 84 494
query 343 395
add 68 864 -726
query 121 325
query 238 780
add 68 932 827
add 69 623 724
query 228 268
query 55 358
add 68 542 -67
add 147 923 157
add 442 648 912
query 754 925
add 308 618 -51
query 432 849
query 373 629
add 448 753 -315
add 36 582 -783
query 215 321
query 428 603
add 87 765 -8
add 108 169 -659
query 278 677
add 223 279 658
query 4 881
query 10 620
add 35 830 -314
add 463 918 -415
add 560 970 -221
query 239 996
add 385 547 -757
add 356 809 -984
add 699 961 -388
query 78 369
add 485 703 -37
query 203 349
add 181 931 -190
query 220 841
query 703 889
add 135 530 982
query 28 132
query 116 281
query 401 871
add 26 97 -511
query 42 648
query 314 541
add 421 764 769
add 556 881 894
add 491 948 -260
add 18 810 -941
query 161 345
add 329 822 -550
query 780 859
add 222 959 -312
add 564 625 -828
query 227 800
query 623 746
query 287 590
add 276 910 -159
query 44 214
add 140 539 319
query 435 928
add 798 885 -976
add 344 895 621
query 824 903
query 81 411
add 159 924 -115
query 518 862
query 545 863
add 344 892 133
add 444 620 550
add 486 966 -269
add 295 766 474
query 431 924
add 164 540 -208
add 153 351 740
query 819 870
add 558 612 -627
query 545 553
query 882 976
add 161 583 118
add 447 709 166
query 574 725
add 619 734 700
add 115 455 674
add 345 567 844
query 460 467
add 152 967 690
add 457 832 -281
query 562 690
add 15 644 685
add 240 365 -135
add 508 555 185
query 100 908
add 25 37 158
query 380 950
query 431 816
add 126 675 -128
add 217 647 811
add 777 970 -253
query 25 974
add 17 299 862
add 326 458 200
query 691 982
add 153 502 723
query 478 921
query 426 592
query 633 744
query 217 285
query 338 803
query 188 761
query 315 592
query 729 878
query 667 931
query 381 842
add 463 536 708
query 325 416
add 650 800 -897
add 399 812 -661
query 528 773
query 50 518
add 232 434 39
query 89 89
query 161 376
add 164 304 889
add 460 746 -139
add 101 299 -824
query 625 866
add 526 564 32
add 32 72 -577
query 190 720
add 118 493 907
query 409 489
add 281 486 -203
add 731 761 -802
query 267 506
query 278 571
add 745 973 223
query 154 273
query 837 920
query 582 874
add 180 376 710
add 121 721 682
query 619 944
add 291 420 251
query 416 918
query 75 699
query 628 954
add 370 549 358
query 100 441
add 646 654 -148
add 916 948 -391
query 753 963
query 371 954
query 155 155
query 656 873
add 436 467 -474
add 613 741 -989
add 194 960 -608
add 635 744 -882
add 523 732 75
add 13 170 -403
query 237 531
add 827 871 269
query 305 783
query 571 945
add 840 991 -323
add 60 896 820
query 180 590
add 236 827 -685
add 15 116 -693
add 91 937 396
add 418 998 471
add 25 853 157
add 183 632 -353
add 821 857 -999
query 238 261
query 700 741
query 279 455
query 242 402
query 29 797
add 546 767 691
add 288 533 -285
query 296 797
add 430 868 69
query 17 161
add 75 663 129
add 471 578 -566
add 198 619 -120
add 398 496 619
query 39 804
query 596 837
add 645 728 -160
add 363 487 682
query 521 701
add 336 498 -189
query 82 610
query 160 401
query 253 429
add 636 921 320
query 131 343
query 691 817
add 530 964 -22
add 161 465 666
add 130 855 592
query 287 956
add 337 893 298
query 118 783
query 811 997
query 116 441
query 584 825
query 255 403
add 347 736 -348
add 856 880 697
add 596 937 -488
add 16 688 125
query 35 577
add 691 797 -987
add 203 232 377
query 38 51
add 245 769 588
query 278 345
add 603 671 16
add 439 697 601
query 392 517
add 588 606 -322
query 195 554
add 357 916 -778
query 197 697
add 793 896 -337
query 483 557
add 81 111 720
query 152 593
add 261 389 319
query 160 999
query 675 744
query 132 884
add 723 963 86
add 12 783 929
query 306 352
query 92 257
query 137 830
add 379 412 497
query 91 866
query 278 655
add 62 927 -745
add 198 293 -391
add 213 469 -471
query 910 970
query 759 894
add 113 642 173
add 141 260 722
query 344 528
query 386 717
add 543 883 -625
add 336 699 635
add 310 523 -409
query 199 298
query 637 648
add 135 371 -408
query 351 984
add 571 585 -644
query 546 604
add 156 940 -725
add 173 677 895
add 493 747 -481
add 616 829 -394
query 871 878
add 389 882 927
query 227 800
query 44 754
add 604 955 247
query 11 619
add 133 970 -209
query 332 977
add 80 510 890
add 353 569 -362
query 31 467
add 42 311 -16
query 14 61
add 62 146 326
query 777 969
query 697 772
add 228 396 63
add 219 796 416
query 542 851
query 555 870
add 270 474 179
add 16 660 -751
add 266 348 -727
add 282 625 798
query 128 239
add 85 942 854
query 718 915
add 560 904 -31
add 319 881 402
add 92 601 -919
add 432 688 828
query 157 540
query 145 765
query 120 441
query 212 676
add 720 954 -185
query 101 401
add 120 820 -207
query 140 690
query 197 262
query 252 942
query 25 506
add 369 404 523
query 587 776
query 600 622
query 14 899
add 241 663 311
query 67 638
add 764 830 642
query 591 817
add 492 809 -42
add 129 986 -583
query 366 426
add 19 819 758
query 96 631
add 576 989 -395
add 391 664 -678
add 773 998 -902
add 344 922 860
query 205 602
query 286 791
add 274 298 -980
query 632 970
add 514 624 -709
query 41 73
add 89 277 995
query 18 153
query 443 858
query 13 450
query 461 728
query 339 410
add 644 927 844
add 320 745 587
add 99 137 615
add 880 958 -942
add 228 272 -252
query 454 653
add 383 964 786
query 57 867
add 261 477 195
add 69 994 504
query 149 616
add 89 574 -445
query 360 952
add 848 934 676
query 881 893
query 24 375
query 164 750
add 349 929 -479
add 308 714 66
query 185 739
add 573 973 378
query 484 752
add 77 559 935
add 844 973 871
query 294 582
query 851 964
add 3 152 -356
query 507 668
add 157 773 446
add 311 526 422
add 572 814 -510
query 582 820
add 454 864 309
add 827 984 458
query 359 698
add 487 801 -433
add 309 888 365
add 471 803 -681
query 607 983
add 310 356 -38
query 249 517
add 44 207 908
query 358 711
query 356 934
query 473 508
add 70 116 -177
query 563 987
add 3 694 925
add 350 423 166
add 554 884 709
add 511 905 26
add 6 242 636
add 81 256 903
add 11 364 892
query 204 797
add 640 673 936
query 130 298
query 248 907
query 584 604
add 59 134 805
query 747 828
query 48 793
query 877 999
query 794 876
add 108 200 902
query 763 990
add 182 504 905
add 50 89 -75
add 584 613 148
query 411 699
add 484 993 -122
query 123 949
add 901 986 -127
query 314 367
query 443 872
query 426 563
query 626 975
add 706 950 559
query 128 445
query 175 680
add 484 596 -385
query 448 571
query 211 417
add 259 662 122
query 437 562
add 495 772 -75
add 394 472 984
query 206 730
add 21 703 737
add 48 508 -777
query 700 837
query 152 233
add 419 739 -232
add 229 465 367
query 385 422
add 264 510 -48
add 515 816 955
add 307 620 -820
query 583 798
add 147 709 -755
add 131 169 -418
query 74 766
add 191 747 -423
query 619 621
query 158 832
add 187 574 -298
add 760 871 -453
add 615 951 -334
query 675 709
add 132 809 -551
add 50 248 216
add 390 686 -777
query 483 628
query 121 667
add 409 470 748
query 8 124
query 58 340
add 221 620 -156
query 562 940
add 46 494 -52
query 402 561
add 265 783 435
query 425 843
add 220 566 242
query 253 818
add 126 312 -802
query 315 373
add 150 834 84
query 394 853
add 284 523 735
query 281 975
query 418 756
query 867 903
query 189 918
query 519 967
add 265 659 -225
query 557 696
add 328 826 -28
add 26 56 -524
add 213 816 -258
add 245 349 90
add 423 470 7
add 253 507 776
add 834 891 -39
query 468 988
add 136 838 -453
add 277 949 756
add 73 142 417
query 216 677
add 91 177 564
add 906 946 187
query 410 516
query 13 160
query 233 852
query 582 742
query 305 735
query 631 697
add 37 160 918
add 337 512 -4
query 194 372
add 347 770 430
add 279 641 293
query 187 926
add 874 992 629
query 23 48
add 379 997 -645
add 487 642 348
add 19 451 -306
add 551 787 533
add 160 202 205
query 226 970
add 348 790 -685
add 509 775 -225
add 246 441 945
query 263 583
add 190 194 -988
add 349 838 -638
add 464 798 -604
query 31 911
add 169 719 332
query 887 891
query 28 786
query 613 933
add 397 601 57
query 437 910
query 209 609
add 142 991 -979
add 559 931 714
add 775 898 587
query 174 557
query 418 470
add 71 75 578
query 610 872
query 212 345
query 170 686
add 708 789 -136
add 8 590 -774
add 26 149 614
query 562 927
add 505 726 -776
query 11 324
add 303 868 747
add 456 524 481
query 951 957
query 815 960
add 245 580 944
add 716 848 85
query 513 914
add 104 306 -243
query 528 992
query 40 239
add 222 604 691
query 596 940
query 639 896
query 219 251
add 152 510 569
add 235 987 23
query 535 878
add 74 805 50
add 458 699 -368
add 393 470 -320
add 230 818 -585
add 91 825 -588
query 860 902
add 236 862 289
query 312 434
query 238 769
add 266 444 -153
