3492 4938 15400 4114 29940 32734 24609 29509 14658 22398 8410 14983 9838 10592 14406 16723 19995 5226 3645 17008 26882 29500 17521 1046 25227 2416 16035 3922 17054 5664 31511 30379 27062 28585 20293 28678 21304 3247 23761 17863 20996 7778 21181 25401 31561 8191 20190 48 13213 32665 29580 12269 4685 17433 1438 22337 3825 21636 9878 19958 11588 17532 32536 12138 6963 18954 28065 7805 30004 16538 3445 173 9433 23879 10713 29824 3493 30809 29059 1827 31774 4108 32335 27984 2851 26772 1331 17268 29568 27997 17013 6418 31168 14231 30235 19298 28227 24050 1188 29503 29584 29094 4085 27200 32491 19639 7318 11044 18219 5495 5918 4467 5574 6988 19948 15458 11822 28851 13080 6391 16224 26245 31401 22383 5049 19578 26889 20445 29452 6891 26038 6675 27379 27100 9785 23749 29026 22841 1372 6124 5506 20064 23192 28265 12988 10976 26061 13035 23059 24704 9014 15378 26040 1668 7067 17365 27352 21547 1224 22049 32185 9340 17983 4802 31749 26434 13866 18055 20838 9046 8851 8097 27218 28188 31447 333 18729 31824 11608 15027 29053 12291 3443 9485 7600 18400 21938 27915 29381 5044 6722 2934 9840 21038 16295 12565 19311 7139 18862 10701 14365 32660 5795 31499 15173 13236 23237 16743 4916 293 28663 4481 23314 19267 19896 24623 25202 22819 15701 13787 8999 17436 7773 12582 18777 12167 20310 7377 473 11716 3758 7390 690 30334 26613 14066 513 21039 329 14846 3846 24294 23825 18718 378 4680 25582 3522 29475 7380 19182 21771 30631 4716 10755 7288 1694 31761 22196 20929 19434 14063 22291 18947 21067 17561 239 13342 15406 28821 6474 2651 32454 28443 2061 18259 21342 22810 29691 25100 21230 10620 23268 21860 28652 8107 31259 14003 16996 11092 6954 8108 23115 17771 6339 28548 3089 23151 12282 10071 27509 10735 29106 26055 26781 16205 26709 17894 17254 26562 17865 9558 18681 18850 11679 5550 3999 225 28557 32032 9430 25815 17950 10841 24996 23360 28072 24489 22827 23687 10111 6500 5502 3396 32104 5000 5811 4355 22864 21151 18489 31303 17726 13287 24684 31694 26503 18609 24167 16151 3905 263 6681 1058 25849 27025 6812 28279 5033 186 9921 9065 32228 26382 17392 7580 21332 28390 5935 22981 6758 20296 23680 16561 580 32265 26736 29321 4356 30004 26605 22356 542 26544 21080 6333 26916 10524 16859 26902 27821 19710 9725 15262 11667 16669 1139 20991 11870 26411 15417 17179 20223 29095 32482 24328 12482 2050 29741 5209 5758 30209 15320 15008 5390 27234 16825 26161 10245 2242 6154 10536 32414 21182 19461 26029 5362 11353 26801 5494 28014 32669 7163 10894 32387 17286 12808 27989 10399 27163 23242 31689 18525 31198 28113 19971 14585 22118 8292 25604 23302 31819 25041 178 29539 13378 20993 5662 30315 393 1615 18184 4972 20358 4250 8613 5210 8875 31897 30624 26053 20636 14191 30558 23305 916 5504 27270 709 3333 27266 15809 8078 19326 26583 13758 6372 10194 13594 30074 30820 28023 30456 14782 18240 556 14401 28137 24557 16606 26942 32239 2075 31693 26950 2466 26346 27115 20108 23856 11099 900 24635 21229 30468 4644 30405 595 24841 30646 13943 24647 9543 28905 22610 13470 21458 22232 29974 2272 5282 9193 1695 29772 21385 16373 4980 26908 26728 22442 14494 26378 4003 17198 1462 14098 18130 16389 24386 5242 25018 565 23362 26384 27515 24744 19461 29363 10250 8401 27969 8212 18914 9619 26467 17086 12279 1374 7460 84 16364 19355 30557 15642 12421 26954 8988 12727 22623 6377 30199 3642 21727 14744 27808 20058 7528 25980 30650 8962 22225 18273 2795 5389 31510 29603 8755 17742 10573 18510 12668 28115 12764 6276 12914 2154 13034 10015 17556 15973 22803 13464 5003 1435 6240 9256 30651 3759 29046 31788 1305 26773 5901 17870 31804 32081 1956 4066 20918 19458 28531 6414 16292 1056 26274 25902 5508 26114 24504 16886 14919 3235 23126 32473 5287 1189 11813 23594 19899 21654 525 30082 8649 23155 17320 11105 13147 8810 13046 20504 5269 6884 22098 7142 31429 18883 27300 11361 20540 26344 9177 4887 6237 32761 20880 14198 23027 2401 15382 4073 968 152 19861 30276 32627 932 23432 7010 26225 480 9330 24076 3447 27132 21968 2333 23047 31045 11852 15588 5698 4134 4147 1994 14077 12271 6185 29237 18454 1494 3100 428 29448 10044 13942 30523 21438 25393 407 19737 4005 19769 26498 14216 25349 25936 2518 11517 6289 301 1537 14721 7997 23236 22960 8535 12879 26638 27529 5855 18361 24588 3101 1978 14502 4362 792 17711 22611 27681 31931 3021 27936 27135 27533 11858 16359 11499 12877 26572 13708 1027 10794 6398 9941 13256 22839 29957 27260 10205 27929 24892 17795 29196 19970 3164 13768 14986 24036 232 19161 1404 14302 14024 265 29113 1019 26675 21188 21714 13083 11731 29727 22608 14129 9764 27827 31804 2991 11294 940 8933 8767 24851 12829 2525 1972 3546 3991 21573 21824 7981 27897 2634 16871 16720 4489 12784 26675 24307 20036 25871 5162 1882 23411 2202 11645 32699 13439 2343 4610 1000 26118 16556 29796 31277 558 27015 4890 7804 12090 17090 23445 26823 1115 18836 19902 12974 10440 11307 13215 24666 26896 22952 352 4265 13999 21356 29046 6283 17888 9106 12567 19884 15795 7356 12529 25683 11871 18195 28187 25738 16857 7817 18252 31359 23206 1634 12875 9770 5357 5618 26022 3632 24016 8872 19111 31239 5372 11083 19332 14171 27775 2180 20950 28337 31451 1693 2380 11083 13144 19592 15009 6731 14494 13347 21195 17691 15746 30650 27254 19211 26657 22733 25008 24124 27435 9236 25574 1982 18818 14017 26639 30453 30724 26885 295 24641 20900 469 4831 11997 4544 6126 16019 3592 18607 1047 7292 3427 32409 18598 5415 25755 30859 4677 28453 6727 21450 13814 25861 4628 27496 20565 22399 17951 15382 27165 28658 12194 14905 17902 18193 8915 20032 15182 25560 8713 27444 17133 9926 27681 29584 6189 30022 18976 24660 5089 14702 24601 24149 9301 2539 1362 21975 1680 3644 26530 4189 9429 29471 32285 28864 15984 841 3828 29055 15535 14426 19606 
1000
query 543 829
add 62 225 -115
add 385 464 -570
query 22 929
query 159 773
query 610 779
query 49 249
add 230 288 -86
query 134 251
add 427 721 -541
query 344 891
add 265 750 996
add 268 645 815
query 482 596
query 141 384
add 111 820 924
query 818 991
query 413 688
add 181 910 -339
query 519 935
add 242 991 178
add 1 911 -893
add 764 801 629
query 40 89
query 762 918
add 126 806 -911
add 456 966 -205
query 262 857
add 390 414 512
query 333 802
query 195 877
query 240 506
add 118 818 -960
add 188 325 271
query 184 609
add 89 131 -686
add 456 531 730
add 185 582 360
query 802 926
query 139 670
add 982 987 203
add 143 804 -384
query 54 276
add 157 711 -622
add 253 474 45
query 53 992
query 345 685
add 806 952 -35
query 41 902
add 819 858 -209
add 582 931 102
add 373 788 -301
query 109 613
add 45 292 -257
query 484 716
add 96 562 -691
add 730 766 -205
add 157 437 -69
query 581 827
query 21 192
query 561 670
add 143 953 -165
add 339 608 461
query 37 481
query 203 244
query 68 269
query 832 983
query 202 340
query 142 227
query 230 472
query 353 523
add 64 714 797
query 353 376
add 338 876 -432
query 489 506
query 620 839
query 136 595
query 82 874
add 394 669 -548
add 335 547 -548
add 382 930 -143
query 202 540
query 300 603
query 352 619
query 466 944
add 298 394 -715
query 146 938
query 285 399
query 150 174
query 490 713
add 658 814 -719
add 754 859 -752
query 556 579
add 493 780 120
add 57 554 -681
add 369 932 997
add 446 447 -772
add 613 785 -385
query 374 747
add 113 212 -507
query 408 999
add 841 925 257
query 177 978
query 212 642
add 660 708 -505
add 447 860 95
query 183 320
add 421 739 96
add 848 916 176
add 584 615 -856
add 446 961 224
query 280 367
query 4 142
query 232 824
query 224 405
query 231 991
add 14 756 -297
add 1 667 175
add 361 439 -608
query 77 135
add 293 738 521
query 51 438
query 0 233
query 567 649
add 544 909 352
add 94 97 -422
query 775 826
query 656 741
query 36 141
add 270 694 713
query 81 395
query 664 915
query 76 841
add 348 757 -55
add 182 257 -759
add 536 816 554
query 140 165
add 149 517 800
add 528 777 436
query 25 471
query 51 916
add 785 915 161
add 234 442 -434
query 707 771
query 131 468
query 670 685
add 117 856 -604
add 228 953 172
query 413 770
query 135 375
query 112 982
add 628 791 -134
query 292 680
add 209 971 677
query 765 997
query 34 549
query 924 962
add 20 221 -492
add 9 336 -753
query 58 999
add 0 318 609
add 65 602 187
add 543 898 -831
query 116 863
add 180 527 948
query 126 703
query 716 746
add 145 939 505
add 780 921 -594
query 7 400
query 292 683
query 125 492
add 615 783 354
add 87 145 192
query 484 679
query 648 694
add 137 690 13
add 378 956 295
query 595 804
query 888 976
add 9 546 -925
query 413 639
query 441 597
query 363 837
query 850 990
add 157 553 -614
query 403 541
add 318 337 398
query 121 927
query 44 458
query 375 833
query 59 971
add 143 639 -216
add 695 873 293
add 147 576 -66
add 97 369 862
query 311 950
query 112 219
query 724 841
query 142 975
add 36 232 -648
query 520 985
add 488 825 341
query 84 606
query 341 625
query 196 618
add 37 360 608
query 20 812
query 67 505
query 518 769
query 18 676
add 362 623 515
query 345 544
query 452 813
add 808 811 -402
query 185 584
query 254 286
add 96 615 -524
query 417 523
add 51 111 -453
query 569 807
query 691 757
add 465 743 -200
add 493 876 250
query 700 898
query 390 523
add 131 349 671
add 631 843 -428
add 97 839 -61
query 80 329
add 0 642 432
add 48 951 -385
query 88 399
query 91 308
add 259 511 -658
query 100 692
query 364 467
add 458 857 -840
query 340 396
query 30 632
add 227 502 818
query 611 693
query 276 596
query 84 945
add 6 311 750
add 91 857 -420
query 113 491
add 398 752 -249
query 100 802
query 226 840
add 167 822 -517
query 795 896
add 44 65 170
query 397 755
add 428 963 455
add 655 730 331
query 915 981
query 507 894
add 191 504 301
add 74 653 881
query 470 691
add 127 237 -231
query 493 613
query 143 636
query 224 354
query 143 291
add 401 714 -784
query 38 492
add 723 887 -965
query 462 528
query 35 934
query 240 295
query 381 658
query 618 882
query 30 203
add 184 307 527
query 299 640
add 47 906 -260
query 397 804
add 202 611 -672
query 274 678
query 91 971
add 32 141 429
query 515 579
query 34 300
add 130 661 735
add 781 916 129
add 701 762 728
query 116 448
add 934 987 121
add 99 858 -142
add 194 360 -204
query 369 683
query 923 941
add 716 960 797
query 414 679
query 239 754
add 493 844 307
query 790 855
add 219 313 -7
add 73 289 -296
add 705 811 326
add 609 663 981
query 39 696
query 740 806
add 189 322 15
add 32 376 -318
query 293 295
query 785 855
add 7 934 914
query 582 748
query 284 331
query 92 750
query 91 849
add 602 650 -394
query 775 921
query 390 990
add 1 522 659
add 732 974 -54
add 472 941 211
add 264 520 185
query 152 798
add 352 359 -190
add 337 734 -209
query 777 880
add 628 712 -439
query 171 186
add 719 973 753
query 171 725
add 192 829 -460
add 706 976 318
add 611 721 -133
add 952 967 -245
add 32 592 -14
query 536 883
add 292 550 -330
query 713 735
add 459 890 882
query 393 891
query 209 315
add 684 801 -16
query 146 934
query 778 864
query 301 315
query 24 390
add 460 901 766
query 145 700
add 284 374 589
query 223 491
add 344 641 -474
query 31 549
add 494 613 -215
add 138 929 978
query 152 799
query 307 835
add 246 445 -671
query 323 491
add 76 971 858
query 470 540
add 631 898 587
add 10 200 528
add 910 986 992
query 62 824
add 744 970 -162
add 446 976 708
add 115 346 350
query 483 867
query 249 328
query 50 911
query 180 443
query 202 347
add 79 767 794
query 138 463
add 20 230 -656
query 531 795
query 137 392
add 213 243 -573
add 480 556 -369
query 34 162
add 696 984 -92
query 274 317
query 307 691
query 68 102
query 711 963
query 439 576
query 132 233
query 343 875
add 470 986 431
add 950 997 31
query 612 947
query 699 885
add 141 239 921
query 611 701
query 445 737
query 19 841
add 359 364 -996
query 276 949
query 623 858
query 206 567
query 54 162
query 456 503
add 180 461 711
query 664 878
query 83 858
query 61 86
add 33 88 347
query 44 755
query 233 666
query 249 925
add 453 587 -229
add 79 485 -203
query 52 251
add 321 423 -858
add 117 493 778
query 73 124
query 55 131
query 341 596
add 322 558 -779
add 102 552 347
add 347 852 -972
add 301 825 357
query 261 367
query 527 845
add 125 187 -234
add 787 959 -335
query 423 490
add 237 346 -325
query 586 886
add 376 398 -771
add 164 614 -364
add 349 479 928
query 10 769
query 437 922
add 81 497 -368
add 651 786 -254
add 255 431 -741
add 391 977 92
add 547 761 442
add 504 504 385
add 609 785 788
query 689 826
add 272 440 279
query 106 814
add 638 987 -378
add 179 544 -80
add 448 862 -949
query 118 512
add 391 870 595
query 43 273
query 827 895
add 441 457 579
query 161 506
query 34 539
query 278 954
add 181 786 -153
query 161 369
query 47 592
query 351 613
query 49 893
query 630 840
add 286 310 -370
query 49 52
query 317 656
query 348 517
add 618 959 697
query 14 604
add 310 460 -978
query 347 893
add 317 357 95
add 354 573 -167
add 347 353 -313
query 301 804
query 48 176
add 95 906 -621
query 342 478
query 180 469
add 135 681 -769
add 140 945 -188
query 141 609
query 100 308
query 97 591
query 407 870
add 342 803 631
add 455 767 878
query 37 430
add 188 886 373
add 493 685 -536
add 641 660 -603
add 414 824 703
query 574 935
add 84 133 -210
add 314 432 886
query 86 557
add 613 758 386
query 560 949
add 167 180 -314
query 340 863
query 419 430
add 23 285 631
add 69 424 -927
add 387 685 127
query 368 811
query 611 719
add 435 932 754
add 99 474 -193
add 135 654 797
query 634 726
query 688 860
query 275 783
add 702 749 700
add 405 897 615
query 29 271
query 808 955
query 834 900
add 18 334 293
add 366 392 101
add 792 848 131
add 148 465 524
add 72 725 378
query 279 440
add 290 838 377
query 669 892
query 22 349
query 113 461
add 279 803 -231
query 11 109
add 152 231 139
query 60 92
query 384 500
query 146 759
add 686 782 59
add 256 574 401
query 53 892
query 178 900
query 177 667
add 197 211 -331
query 80 663
query 397 516
query 281 778
query 228 442
add 159 989 73
add 554 855 -694
add 719 938 -607
query 254 551
add 507 975 937
add 516 855 -344
add 542 902 -463
query 257 709
query 132 429
query 917 980
add 848 895 567
query 148 742
add 70 585 2
add 244 458 -881
add 228 776 -808
add 644 726 -559
query 709 882
query 128 675
query 154 420
add 842 940 739
add 20 906 -391
query 16 664
query 227 310
add 455 503 465
query 622 847
query 470 781
add 135 299 -200
add 368 576 -643
query 161 754
add 358 800 -192
query 8 701
add 152 905 -694
add 164 681 660
query 604 949
add 96 481 -152
query 465 582
add 136 769 493
add 238 909 -488
query 550 806
add 400 603 563
query 266 307
add 81 480 726
add 286 895 -397
query 200 967
query 467 834
query 521 970
query 22 605
query 165 777
add 124 261 217
query 229 890
add 389 683 -793
add 189 363 304
query 644 735
query 93 359
add 206 782 -887
add 320 422 932
add 204 377 -621
add 855 899 902
query 222 704
add 36 259 441
add 186 562 -721
query 112 301
add 55 539 -179
query 453 668
query 197 653
add 808 977 -196
query 598 888
add 156 675 370
add 617 685 -569
add 340 756 -506
add 86 320 706
query 484 650
query 353 811
add 172 793 931
add 337 623 310
query 258 790
query 150 569
query 58 728
add 96 777 -745
query 341 411
add 619 713 573
add 465 737 751
add 396 575 999
add 449 506 416
add 530 751 -943
query 658 891
add 38 909 -31
add 152 228 -301
query 162 807
add 324 614 -605
query 552 950
add 476 686 503
add 465 933 202
add 143 876 105
add 596 939 730
add 922 949 438
add 10 763 -613
query 832 924
add 502 764 29
add 747 932 539
add 422 541 -276
add 558 833 813
query 394 993
add 358 995 -797
add 648 698 -361
query 690 765
query 339 408
query 353 993
add 105 787 -648
add 861 903 573
add 0 533 772
add 443 444 -716
add 486 810 116
add 553 907 543
add 147 565 91
add 249 848 921
query 374 645
query 137 409
add 328 799 -763
add 678 837 -525
query 313 900
query 149 384
add 379 837 616
add 215 944 475
add 149 712 748
add 399 954 -10
query 125 991
query 57 623
query 787 823
query 25 752
query 320 804
add 373 816 100
add 110 591 -836
add 46 921 689
query 176 354
query 263 595
add 95 437 -368
add 623 679 179
add 479 620 -263
query 312 712
query 392 679
query 413 492
add 22 866 857
add 380 904 608
add 111 132 -526
query 672 916
query 139 666
add 62 978 902
query 780 980
query 58 826
query 267 608
query 231 425
add 447 634 -318
query 445 471
query 212 482
query 283 663
add 365 609 690
query 606 695
add 622 808 616
query 482 561
add 555 979 -433
query 366 648
add 429 834 678
query 382 528
query 644 801
query 435 786
query 40 800
query 178 693
query 245 587
query 614 837
query 186 601
add 742 942 -696
add 481 597 -706
add 46 850 -525
add 118 284 -802
query 170 855
add 19 129 -497
add 410 927 597
query 703 777
add 743 833 934
query 216 275
query 133 440
add 80 310 833
query 459 815
query 896 924
add 64 978 650
query 41 607
add 55 747 280
query 10 152
add 136 241 -676
add 71 443 303
query 212 248
query 322 789
query 162 356
add 50 917 79
query 43 615
query 491 541
query 669 748
add 952 983 -483
add 505 891 477
add 163 369 501
query 148 265
add 476 663 157
add 333 965 115
add 266 857 362
query 404 443
query 641 997
add 112 369 90
add 610 861 -702
add 121 315 339
query 504 788
add 558 648 -724
query 587 628
query 76 692
query 658 694
query 67 691
add 650 754 -446
query 216 867
add 218 920 650
query 250 252
add 467 529 -235
add 675 728 764
query 409 520
add 619 967 -516
add 180 720 -710
add 689 880 -109
query 8 348
query 458 673
query 134 373
add 430 752 401
add 562 719 -987
add 535 682 -68
query 774 934
query 381 945
query 0 205
query 720 813
query 301 365
query 414 470
query 27 153
add 607 969 569
add 299 812 -526
query 736 743
query 362 837
add 161 631 -348
add 621 792 589
add 587 704 -327
query 179 724
query 500 510
query 113 603
query 126 412
query 250 450
query 33 841
query 40 231
add 34 246 -782
add 123 361 486
query 617 708
add 356 795 132
add 886 932 741
query 150 984
query 474 775
add 388 727 -352
query 169 804
add 614 695 989
add 412 457 -824
add 38 461 379
add 83 457 -927
add 286 800 560
add 273 935 222
add 663 706 864
add 428 794 -662
add 35 654 305
add 257 419 996
query 399 821
add 211 546 858
query 37 736
add 166 260 290
query 274 480
query 670 762
query 236 754
query 143 573
add 651 677 -992
query 420 532
query 382 438
add 674 820 564
add 268 830 6
query 146 913
add 494 857 -587
query 391 449
query 272 707
add 115 851 242
add 596 949 -492
query 157 317
add 84 188 949
query 160 765
query 16 901
add 695 718 981
add 346 388 800
query 275 941
add 918 963 486
add 175 606 620
query 82 357
add 187 272 888
query 783 904
query 582 876
add 862 933 185
query 290 957
query 605 986
query 443 992
add 655 849 -507
query 4 298
add 249 450 798
query 477 545
add 347 968 112
add 213 836 -969
query 704 793
query 142 741
query 709 904
query 102 623
query 45 467
query 24 424
add 5 750 -733
add 153 801 596
add 382 706 243
query 332 850
query 459 969
add 448 996 -595
add 168 181 -593
query 156 347
add 363 373 582
add 159 810 217
query 207 259
add 535 846 254
query 361 781
query 41 576
query 386 951
add 322 391 -393
add 330 734 -704
add 588 891 -806
query 129 476
query 109 410
query 385 574
query 786 933
add 592 709 378
add 284 556 915
query 581 644
query 157 362
query 487 805
query 388 984
query 95 838
add 140 745 -97
add 93 947 589
query 187 328
add 587 631 841
add 396 986 -41
query 78 716
add 60 285 884
query 281 570
query 309 599
query 192 961
add 5 888 768
add 391 955 -144
query 198 827
add 338 551 -427
add 284 495 -24
query 62 385
add 185 261 625
query 81 570
query 431 514
add 109 506 -659
add 6 128 -20
add 349 715 -92
query 357 498
add 112 179 615
add 149 789 695
query 681 981
query 673 753
query 25 194
query 641 754
query 31 192
query 634 858
query 133 714
query 75 152
add 48 535 -101
add 416 703 -249
query 463 569
add 174 698 963
query 309 471
query 143 920
query 577 827
query 584 919
query 410 757
query 725 868
query 55 799
add 384 605 355
query 52 378
add 173 225 -894
add 103 329 -887
add 253 699 -925
query 387 862
add 129 821 149
add 243 719 -721
query 676 823
query 316 811
add 24 465 453
query 171 715
add 672 914 52
add 440 769 213
add 129 529 -891
add 142 233 -256
add 36 748 -878
query 42 971
query 192 983
add 496 969 426
add 65 399 -652
query 643 803
add 510 847 -235
add 375 825 -76
query 187 946
query 96 786
add 536 922 -782
query 287 558
query 433 749
query 119 564
query 107 552
query 371 451
query 101 614
query 430 530
query 209 998
query 527 951
add 592 628 795
add 810 948 -629
add 209 493 784
query 201 205
query 683 822
query 229 754
add 185 689 -885
add 897 925 448
query 166 924
query 89 825
add 33 51 -189
query 271 903
query 506 615
query 428 641
add 724 921 227
add 13 530 -753
add 586 651 -443
query 42 245
query 306 601
add 619 877 -537
query 101 260
query 233 633
query 821 993
add 162 475 -331
query 477 610
add 502 686 812
add 397 652 -20
add 272 404 -819
query 585 585
query 378 964
query 308 839
