16767 7793 8363 25154 19035 14947 9346 24049 5873 5623 19713 13567 6494 3112 13638 20967 7876 20448 13733 6265 30015 18968 22848 21795 11803 9024 20951 12654 20548 31713 24033 20939 3837 6273 21723 144 22741 1223 19936 2622 21207 29151 5242 12037 5122 21536 24504 19850 13561 1004 32640 10983 2043 26072 29735 31731 3348 24077 9279 5061 30357 4847 9392 23411 20931 17148 18187 30495 10188 12790 25114 15413 11007 28996 2236 23790 17467 1942 8943 27929 5288 15304 7471 9242 16294 1801 8703 51 4355 29244 4549 12034 21361 25246 11482 24395 27447 6569 9186 24568 2342 27705 601 12382 2511 29934 10095 26050 21747 17873 16662 2588 20795 23866 32089 22554 16425 25073 26095 30824 5711 27283 6672 9263 9151 21559 23175 20700 8386 27730 7177 18722 29389 29144 5061 22338 15792 12708 29244 25738 5393 16922 16467 12827 25113 8715 4774 3824 20845 16088 1824 12060 23904 9691 16585 2131 18535 25858 21982 22444 7117 24253 25639 13477 32423 5403 16261 21864 30987 12336 28363 26701 30589 17337 27342 9887 8874 6147 21440 1187 24409 31240 4281 8918 2718 22235 3479 25719 18000 9799 2824 20293 27070 26803 13541 6282 27294 15433 29378 856 21062 19800 9923 29715 4895 9718 20145 23855 21078 8425 15180 26939 31188 968 20963 1567 9841 1117 3107 13730 18020 15694 10797 18223 31742 22012 19179 24280 6297 25004 24227 28059 17355 14821 10188 32484 8927 22552 15905 32596 5253 29319 18421 24769 21704 24671 24006 16254 7489 2343 19476 27868 5514 25438 10099 752 10230 18016 26336 26007 3711 5002 30801 21688 11264 31390 912 29641 1445 23913 20296 27285 28831 5795 31840 828 18460 10262 2953 27003 16246 5123 24851 28461 9386 26049 15109 31250 9997 11687 19820 32464 30266 29740 30963 11575 19791 26701 20404 12745 15961 19759 23630 12410 21004 27398 24376 23732 20408 1845 30293 21150 16760 10167 25288 5534 2221 9661 24841 22557 5802 21400 18232 28810 7601 14810 23986 8097 19999 12216 9699 3053 29667 21171 859 5771 2100 8568 31523 27954 2948 15876 32081 32112 15279 6923 27866 11574 31353 6299 22952 31895 30775 21501 8428 29901 30412 11996 26550 2173 14551 20904 9155 18748 28971 11581 9877 5713 18048 16320 24265 10428 16232 8394 17318 8312 10884 6345 7922 30462 22263 18339 10505 31498 12571 7836 11056 14753 6003 12665 7206 30803 31713 8933 27388 9406 9497 12309 27687 23891 9302 8104 7380 30557 21324 6097 12411 9790 28253 8119 7351 10236 7951 20508 5973 6909 2750 30525 15018 24847 14734 13306 17450 13228 27044 19511 8503 19835 8854 17026 15927 19737 7455 28406 19433 13594 21272 8031 28409 11595 19363 671 3538 26938 30634 25424 12467 22521 12936 30122 10245 286 15109 15527 27884 13070 14472 19046 28700 26236 8328 24525 19182 31532 4164 12147 1714 12797 28340 18365 28231 2086 27327 26695 7658 22464 10670 18053 17740 24965 14817 1450 20455 9175 7616 26056 26513 8964 757 28217 1362 1736 31193 5951 1139 12563 16683 14055 27607 12813 31240 13619 24975 15703 22551 19319 31912 1172 8709 21252 26951 6953 5681 26372 4857 18240 1960 23973 18756 25619 18259 23674 4738 14695 11631 3102 8431 27734 22334 12058 7680 27986 27900 8200 16374 1895 1045 31481 23988 29888 29077 30229 29901 7277 8416 11649 21986 23908 17059 26246 27435 2757 26634 3567 19795 32098 24116 30130 6793 24190 24036 5587 17364 4053 25465 21638 17574 21725 17184 6548 30901 8524 19784 12543 1030 12506 5974 16617 330 19528 15514 22194 27246 24481 11138 20321 28526 17856 21262 8005 12138 27922 17540 15580 2043 14749 7525 13043 28359 18497 19871 7695 2387 30526 3588 6412 30489 22519 6907 23812 475 28150 1910 6258 10294 24367 15396 16791 13946 31113 30439 26653 25017 12698 24200 18939 6430 32434 32426 12184 384 14364 16380 21299 20279 22432 12467 22402 29231 17740 12600 4505 18491 4213 22813 10766 18859 14840 10326 22875 25632 29637 22694 17283 30623 31135 25431 14073 10725 26397 3886 21181 1018 12021 6814 22472 3593 6009 22076 10666 23919 24674 17267 17010 18706 30157 2937 7630 14324 21635 25217 24435 15880 893 11059 14527 31556 18088 28249 20893 28919 28389 31451 14506 16733 27476 16877 7830 3440 32722 17287 24780 25858 17600 7957 10069 32009 21511 7281 6649 8250 18264 16654 28840 3545 27577 17782 25369 15055 20029 32502 15281 10493 1554 4503 4518 18640 24513 32337 28260 6421 19890 24956 25136 30991 16879 30087 19467 24775 21801 11756 22745 29604 24320 32355 32194 8507 25471 8791 29145 18536 31206 30870 27387 4254 4269 18252 8698 28027 12997 31794 25083 160 12833 15619 10013 19903 23413 23600 4188 29941 5950 1492 10420 26459 7170 14570 19337 18904 5593 24766 10310 31289 26412 8865 10565 27267 26301 13281 16879 18055 16103 19448 26660 6072 21032 1796 15581 23354 18652 19575 10255 15931 11339 3600 27603 29830 13030 29450 29381 23893 8654 17299 23977 27239 26518 10367 5205 32083 21578 4926 24011 12060 4784 25099 17317 13829 18125 5223 17590 23975 30123 9158 6894 17728 6746 21640 6270 22606 3125 4906 24637 13661 6758 12734 32074 30493 173 6552 7667 5047 6493 17739 30166 18017 28839 5844 2886 14129 7450 24084 29681 21806 363 9092 17599 5805 23410 2852 14589 5083 17526 25524 21690 12182 1706 13863 1649 17025 27639 26965 3049 31831 27132 19952 7770 28543 20308 9913 10705 31457 22039 243 5077 1529 16291 28952 21835 17193 23964 1996 27543 27732 11313 4879 25860 11688 24993 32694 3174 12987 5886 28444 30718 2522 28210 21781 32669 20894 22847 12835 24076 25791 26315 15853 428 30765 14299 5612 20570 24413 735 17512 25237 27361 18415 13219 31203 5436 6740 24916 13936 29172 9034 26198 20473 4841 16900 9890 21992 22500 27889 15739 15041 23667 14398 31208 11964 30709 9628 32615 3508 1009 8515 24288 25663 23724 20534 15320 20511 20474 5065 20967 16345 28244 26209 28268 21923 29227 30076 12927 29059 12668 7409 12583 9910 19877 10104 15821 8271 5495 30828 32497 14624 19852 720 6428 19165 21210 12689 
1000
query 336 846
query 694 735
query 84 755
query 232 608
query 5 875
add 731 928 236
add 434 586 462
add 765 998 -788
query 204 676
query 121 430
query 46 866
query 411 903
query 634 848
add 187 476 399
query 558 986
query 934 945
query 136 600
add 140 368 862
add 411 933 46
add 145 489 479
add 38 866 59
add 218 801 -322
query 851 895
add 65 93 370
add 545 901 661
add 351 624 561
query 383 922
add 246 279 300
query 443 695
query 33 978
query 383 665
add 39 957 -132
query 314 394
query 647 928
add 159 490 201
add 52 515 643
query 15 969
add 426 961 -167
query 228 413
add 152 572 -644
query 536 555
query 83 984
query 210 336
add 26 777 -53
add 321 950 -889
add 28 259 890
add 223 657 648
query 211 852
add 506 688 662
add 420 701 369
add 439 783 240
add 818 836 656
query 161 399
add 340 840 -732
add 260 533 -931
add 249 975 -950
add 333 595 -548
query 400 941
add 152 554 549
query 312 506
query 746 969
add 265 373 -760
query 111 562
query 812 932
query 271 561
query 205 696
query 296 358
query 382 800
query 0 869
add 359 434 83
add 26 531 -194
add 810 947 793
add 291 819 420
add 725 866 -953
add 460 693 318
add 11 581 -610
query 308 617
query 157 757
query 313 783
add 77 489 -241
query 829 859
add 251 900 -529
query 30 571
query 647 747
query 254 272
add 12 322 185
add 176 905 779
add 141 185 -10
query 310 521
query 688 697
add 965 979 991
add 592 921 -626
query 681 814
add 631 997 -933
query 165 752
query 146 301
query 422 480
query 368 568
add 563 637 238
query 115 523
query 144 480
add 237 560 121
query 831 951
query 709 785
add 699 885 437
add 346 420 -156
add 390 686 370
add 597 623 110
query 135 337
query 599 832
query 541 915
add 474 765 504
add 7 615 242
add 8 875 -666
add 716 865 524
query 3 617
query 121 461
add 112 404 -166
query 382 909
add 318 476 -123
query 487 686
add 174 359 918
query 3 702
add 186 642 866
query 58 470
add 47 942 213
add 121 147 -278
query 519 585
add 149 302 565
add 14 447 761
add 289 776 301
query 113 134
query 63 414
add 300 712 391
query 323 730
add 184 984 -408
add 30 561 -542
query 4 486
query 27 508
query 240 862
add 329 903 -915
add 699 759 -935
add 129 174 290
query 216 754
query 92 485
add 510 870 -563
query 217 744
add 300 336 165
query 71 311
query 136 364
add 204 799 812
add 449 711 -246
query 49 481
add 210 363 -134
query 547 882
add 850 855 1000
query 708 719
add 238 874 -935
query 387 544
query 107 692
query 500 584
add 493 511 903
query 86 121
query 192 409
query 30 314
add 222 434 -567
query 493 575
query 306 367
query 16 878
query 3 94
query 39 223
add 373 943 -680
add 120 827 135
query 174 789
add 129 937 -238
query 133 663
query 79 825
query 51 347
query 686 712
query 358 449
query 445 803
query 246 418
query 102 528
add 46 587 604
query 395 575
query 212 357
add 431 600 775
add 841 992 181
add 106 987 -792
add 552 933 285
query 522 664
add 393 537 515
add 388 786 478
query 344 563
query 10 853
query 52 732
query 173 275
add 166 402 -488
add 587 596 185
query 939 948
add 267 666 -227
add 649 658 -481
add 799 990 870
query 239 511
add 48 592 -787
query 423 646
add 67 535 -729
query 219 648
add 467 522 32
query 200 865
add 400 731 -52
query 447 590
query 349 729
add 684 961 754
query 757 890
add 48 993 1
query 262 873
add 519 860 -720
add 789 965 437
query 665 880
query 216 576
add 2 615 608
add 137 690 236
add 693 770 227
query 588 698
query 510 724
add 366 756 96
add 31 483 879
add 507 526 171
query 439 760
query 618 858
add 215 904 -988
query 843 883
query 56 604
add 39 882 -877
add 255 416 352
query 23 340
add 258 686 311
query 223 655
add 80 790 -471
add 568 694 -347
add 210 234 -159
query 221 561
add 268 638 743
query 254 790
query 845 906
add 280 315 21
query 205 508
query 5 136
query 111 931
add 99 806 -759
query 125 564
add 22 399 780
add 129 499 157
add 805 991 876
query 611 625
query 225 459
add 405 682 -123
query 454 578
query 423 574
query 678 831
query 973 989
add 16 572 -829
query 83 378
add 403 509 -168
add 132 509 530
query 138 417
add 375 873 362
query 188 982
query 118 451
add 171 484 282
add 603 891 -65
add 655 867 211
query 101 677
query 154 267
query 221 778
query 447 680
add 276 970 109
query 190 714
query 73 916
query 100 357
add 33 518 743
add 529 536 929
query 660 881
query 683 686
add 354 670 704
query 678 711
query 178 426
add 188 755 -736
add 132 166 -909
add 12 34 -718
add 516 818 722
add 674 812 -674
add 638 716 846
query 420 998
add 395 786 14
query 137 469
add 686 799 704
add 300 639 -666
add 195 368 -661
query 144 512
query 67 567
query 137 689
query 6 760
add 99 587 -121
query 414 886
query 117 290
add 19 232 926
add 739 862 -122
add 637 965 -253
add 357 990 -829
query 195 348
query 70 969
add 523 528 724
add 25 112 -313
query 386 769
query 98 152
add 736 941 -998
add 244 977 321
query 121 524
query 590 996
query 245 392
query 278 573
query 262 750
query 74 344
add 693 985 -934
add 761 769 -657
add 19 571 566
add 43 536 865
query 115 173
add 40 649 -530
query 214 528
query 167 639
query 33 904
add 569 921 288
query 484 978
add 5 78 70
query 9 447
add 183 591 -518
query 766 851
query 280 522
query 431 503
add 639 834 -913
query 106 303
add 548 820 631
add 685 775 408
query 447 653
add 81 843 -474
query 370 754
query 175 494
add 227 960 239
add 693 767 555
query 227 695
add 209 637 307
add 693 839 -531
query 80 129
query 758 958
query 2 837
query 171 217
query 675 846
query 315 607
query 456 776
query 193 984
query 207 916
add 616 646 939
add 589 930 24
query 580 787
query 31 215
query 102 708
query 82 151
add 29 176 -140
add 956 986 -584
query 310 773
add 21 412 46
add 229 306 -310
add 602 835 -692
add 415 593 -629
add 448 630 -776
add 138 545 772
query 119 683
query 582 867
add 782 911 772
query 114 262
add 370 979 -28
query 88 182
query 375 858
query 251 312
query 227 846
add 561 794 -332
query 511 596
query 263 605
query 455 679
query 119 835
query 388 612
add 264 827 -606
query 160 573
query 414 877
query 86 968
query 233 785
add 115 434 890
query 26 589
add 302 691 -662
add 312 685 514
add 221 989 -414
add 835 975 60
add 16 916 18
add 292 312 -141
query 138 498
query 527 918
add 336 700 817
query 756 954
query 226 712
add 585 812 29
add 185 265 837
query 481 712
add 189 693 482
add 235 742 547
add 281 284 25
add 978 981 7
add 101 771 -558
query 59 258
query 73 979
add 254 789 -884
query 893 930
query 573 603
query 49 685
query 480 737
add 100 509 -917
query 53 703
add 377 973 488
add 468 535 517
query 31 592
query 99 350
query 357 888
add 331 782 -23
query 761 827
query 360 649
add 714 796 -237
query 393 543
add 244 521 812
query 56 71
add 112 188 -996
add 634 815 274
query 814 918
query 768 806
add 57 835 936
add 337 848 -705
add 214 992 217
query 501 953
add 13 533 516
query 497 579
add 194 535 -633
query 205 584
query 54 82
add 735 988 -188
add 71 89 766
add 201 591 -623
add 248 988 169
add 11 149 374
query 167 621
query 224 380
add 83 206 579
add 19 951 -88
add 425 576 569
query 8 205
add 49 80 161
query 864 935
query 922 932
add 22 824 505
add 113 866 -269
query 152 593
query 550 707
add 688 887 562
add 109 681 -457
query 224 289
add 230 973 -988
query 273 867
query 732 765
add 102 316 -389
add 85 393 -817
add 263 430 -832
add 682 732 -187
query 784 871
query 165 479
query 793 999
add 526 609 -791
query 102 132
query 69 600
add 59 844 436
query 201 348
query 33 863
query 15 652
query 542 797
add 144 301 -942
query 808 853
add 424 807 -410
query 355 443
add 324 690 -865
add 696 987 969
add 570 969 616
query 426 720
query 157 280
add 26 789 -657
query 360 954
add 506 610 276
query 13 481
query 391 398
add 409 721 -114
query 582 820
add 116 191 -867
query 142 734
add 529 879 411
add 150 451 738
query 259 724
query 282 623
query 70 632
add 29 225 -220
query 126 605
add 157 648 -413
query 220 372
query 575 958
add 520 886 -38
add 305 459 405
query 269 785
add 221 945 145
add 144 653 -391
query 388 971
add 525 969 588
query 786 983
add 582 618 -518
add 183 365 -671
add 238 915 29
add 619 706 -309
add 71 153 -696
query 196 240
query 59 358
add 461 483 187
add 76 563 592
add 343 555 -27
query 475 607
query 403 833
query 657 876
add 231 807 -48
add 684 776 -449
add 483 928 -432
query 828 902
query 44 138
add 1 290 538
add 616 683 -207
add 267 278 290
add 289 360 -322
add 217 696 746
query 246 885
query 149 516
add 287 340 -529
query 480 891
add 352 627 -614
query 135 956
query 929 963
add 61 492 957
query 294 491
query 625 869
query 318 759
add 590 962 28
query 481 800
add 206 937 -643
add 648 703 655
add 435 627 -556
query 320 517
query 455 712
query 281 398
query 621 841
add 19 931 533
add 168 241 -29
add 47 556 65
add 77 663 -358
add 613 790 318
query 186 777
add 540 719 598
add 407 544 31
add 744 846 -998
add 389 649 837
add 20 171 -569
query 718 810
add 193 735 -179
add 36 561 -119
add 53 282 -998
query 34 413
query 953 998
query 385 416
add 222 421 -274
add 143 421 -700
add 722 818 -591
add 51 656 189
query 509 772
query 154 287
add 492 787 285
query 141 654
query 207 772
query 72 487
query 226 904
add 722 848 -339
query 671 792
query 265 936
query 8 204
query 182 766
query 606 783
add 380 846 -85
add 635 642 -423
query 337 670
add 236 535 790
add 669 680 674
query 219 914
query 235 788
add 414 712 423
query 651 993
query 294 310
query 337 498
add 484 992 -363
add 327 339 867
add 460 713 47
add 11 724 71
query 342 937
add 633 729 451
query 449 866
query 145 569
query 400 722
query 84 695
query 91 471
query 413 563
add 76 629 -135
query 101 178
query 494 572
query 44 63
query 342 860
add 650 925 376
add 12 801 210
add 542 860 -636
add 353 399 574
add 443 786 92
add 70 326 132
query 360 504
query 18 488
add 435 835 44
query 734 845
query 166 281
query 82 955
query 39 351
query 177 192
query 366 980
add 118 415 -349
query 85 195
add 587 949 478
query 571 726
query 111 320
add 317 680 -778
add 188 415 794
add 175 941 -787
add 546 722 -704
query 229 634
query 702 951
add 87 210 333
add 662 754 -533
query 310 399
query 573 927
query 416 487
query 310 458
query 615 626
query 437 654
query 194 735
add 456 577 171
query 688 797
add 345 523 106
query 94 585
add 156 802 671
query 201 560
add 273 938 -1000
query 85 232
add 73 487 22
query 107 549
query 636 816
add 518 686 604
query 567 893
query 74 148
add 691 832 -52
add 21 338 -237
add 245 733 -83
query 435 966
add 538 744 -836
add 322 911 939
add 122 204 -816
query 366 459
add 259 582 -321
add 641 675 715
add 767 989 549
add 697 965 -678
add 409 842 -975
add 874 983 -642
add 65 489 -749
add 216 755 -411
query 344 680
add 168 505 541
add 26 342 261
add 205 407 239
query 380 866
add 450 502 -253
query 287 465
add 257 264 756
query 446 713
query 671 899
query 678 797
query 235 739
query 325 416
add 351 452 -220
query 531 708
query 556 605
query 664 793
query 408 491
query 271 454
query 300 944
query 134 722
query 783 785
add 24 655 850
query 602 629
query 506 745
add 2 683 -582
query 449 627
query 657 748
query 472 577
query 105 699
query 142 638
query 213 920
add 445 578 -828
add 240 718 -87
add 177 504 -956
query 398 732
query 389 469
add 416 728 -969
add 437 633 -437
add 560 829 -470
query 164 269
add 143 683 -233
add 358 985 453
add 641 826 161
add 311 363 474
add 684 979 867
add 555 840 399
add 304 369 399
query 30 77
query 513 646
add 79 697 811
add 569 931 -193
query 93 364
query 207 992
query 870 907
query 433 707
add 594 642 -400
add 21 169 412
query 378 817
add 194 672 -708
add 326 895 214
query 616 929
add 566 951 -545
query 301 708
add 22 616 -489
add 291 491 -16
query 99 958
add 590 593 382
query 448 699
add 131 185 -181
query 374 633
query 16 112
query 145 880
add 106 142 996
add 488 801 459
add 8 362 -44
query 420 847
add 568 626 -609
add 130 500 900
query 240 472
add 514 656 82
query 136 213
query 178 641
query 299 463
query 316 756
query 207 713
query 158 415
add 351 595 -436
add 88 195 -528
add 429 993 554
query 51 594
add 85 519 702
add 304 426 -74
query 200 770
add 390 643 -636
query 733 862
query 645 896
add 329 821 -247
add 384 506 662
add 484 856 -764
add 575 808 -635
add 545 649 -319
query 124 646
add 128 587 652
query 442 817
query 280 475
add 352 720 -959
add 375 527 -666
query 26 269
add 195 985 -803
add 48 116 -620
add 889 908 261
query 438 932
query 289 751
add 638 698 -849
add 223 323 109
add 105 184 304
add 224 987 586
add 228 881 808
add 39 872 -574
add 586 892 -417
add 810 825 -492
query 177 673
query 506 889
query 4 707
add 116 823 468
query 45 564
query 774 905
query 21 378
add 128 240 -988
add 159 565 752
query 183 349
add 586 957 -452
add 285 914 -960
query 491 881
add 970 999 665
query 218 683
query 273 288
add 505 525 -459
add 340 357 -927
add 441 618 -874
query 156 696
query 400 716
add 161 850 -470
add 137 384 -425
add 262 975 -668
query 446 742
query 506 594
add 308 889 823
query 175 630
query 22 514
add 176 201 -339
add 26 779 -600
query 556 758
query 56 239
query 564 587
add 688 811 369
add 73 655 453
query 546 702
add 426 542 -871
query 881 969
add 4 756 443
query 635 988
query 46 900
query 224 612
query 20 100
query 27 374
query 371 544
query 445 618
query 690 767
add 397 723 693
query 848 994
query 134 174
query 710 839
query 672 915
query 644 848
query 277 665
add 153 160 -407
add 445 918 733
add 531 893 -455
add 202 960 -47
query 165 470
query 236 283
add 418 574 311
query 410 861
query 307 689
query 384 504
add 585 730 562
query 659 743
add 395 580 89
query 147 580
query 584 690
add 159 269 152
query 45 52
add 195 534 589
query 254 354
add 438 677 491
add 14 743 -223
query 164 497
query 464 980
add 392 994 -120
add 130 512 -682
add 124 877 98
query 600 763
add 21 714 533
add 5 412 332
query 136 403
add 595 985 90
add 135 333 -2
add 318 652 119
add 244 395 -724
add 284 401 486
query 312 765
add 145 273 750
query 598 947
query 353 623
query 546 866
query 235 827
query 502 847
query 572 978
add 659 739 -503
query 544 890
query 901 921
add 425 817 394
query 568 868
add 284 930 -92
query 480 907
add 31 873 -814
add 37 486 101
add 58 460 -709
query 61 652
add 253 762 626
query 671 871
query 197 550
query 638 672
add 314 465 6
query 194 731
query 582 773
add 319 828 -346
query 651 930
query 318 967
query 755 953
query 180 463
add 467 899 241
add 834 949 937
query 136 634
add 320 588 -729
query 47 372
add 848 949 345
add 77 698 879
add 486 816 -941
query 237 669
query 539 623
query 143 570
query 436 656
query 235 672
query 52 443
query 840 928
add 142 436 68
query 318 943
query 71 799
query 664 685
add 139 384 445
query 538 716
add 45 774 -224
query 1 784
query 394 501
add 665 682 527
add 10 812 830
add 616 761 -556
query 118 267
add 570 805 -146
query 56 993
query 262 980
add 161 747 -501
add 2 965 837
query 782 795
add 363 792 -387
query 399 413
query 207 252
query 406 816
query 701 707
query 178 738
query 609 644
add 614 792 883
add 145 218 -554
add 66 853 407
query 451 861
query 288 794
add 707 838 886
add 382 839 756
query 406 769
query 187 468
query 448 977
add 365 548 238
add 456 513 606
add 27 558 -511
add 27 489 148
add 589 674 -39
query 254 326
