11007 15088 9714 4317 5876 4123 8854 20672 14108 3179 8840 20611 7755 29624 9553 28761 20343 4722 1456 8152 15465 4487 3561 28928 7352 16775 9823 23673 12536 8455 21093 6940 17967 8771 28498 14517 3464 29703 27091 17415 7244 20943 23942 16401 10253 7981 21188 14992 21285 21099 3774 11205 7519 29297 10699 888 19699 11242 24576 1853 25528 16803 20482 26102 29845 23603 7192 9369 27960 31969 8580 18484 10251 6082 14868 24878 23140 6434 15348 23503 13053 23077 11206 14850 15523 18606 21748 6746 22834 18048 15429 12372 26816 932 8367 4572 28953 22538 32365 32274 22892 24691 18513 333 3651 25229 19290 6752 8632 15456 28809 17693 15334 25322 20721 3608 28575 13318 20494 5038 18269 8083 12375 6213 7802 27601 22038 2516 6819 6414 11384 8871 22922 10371 24800 1884 9947 19065 26753 1586 20082 14256 1068 23427 24267 14848 13926 8078 28601 10305 24510 16762 16731 22889 30046 13208 18252 21236 1503 11497 29723 13961 98 9184 22779 13018 29148 26216 28091 31692 11441 29481 5368 3544 3717 30727 12433 16560 22606 6636 23131 27942 19630 27080 5398 10826 2177 10966 2464 26067 18866 20000 9321 23489 6226 18245 10023 12608 1515 7802 715 14030 30481 25551 3507 5536 11067 26548 27169 27714 30417 23739 12524 7807 25478 18079 13429 23680 10984 23174 28637 9528 16181 13443 30325 18431 22129 1631 30582 10620 11189 9113 10739 20425 27338 3755 13579 31186 31223 27535 26723 17918 5654 31618 22740 11282 29933 1544 13664 20050 25020 21296 26731 26089 2067 6937 22823 20106 24806 3765 24913 30040 30179 24013 19227 12035 28419 24133 27497 14644 7776 14498 11327 27436 32326 15817 7034 22952 21900 18953 20927 29191 30245 22876 17842 20654 18930 12522 24424 22188 8666 16847 24606 17050 31517 10526 29227 20677 12005 28966 30003 9872 16415 30708 23198 3347 15240 7961 9800 16136 24075 10413 26490 19944 30026 26003 15898 25169 11899 6399 16414 23467 18293 13622 21318 4875 22026 21909 20235 17751 6552 6613 31443 26796 2779 18061 15462 28924 7685 20216 2725 18428 27409 11257 30842 31805 12372 9308 27659 27544 25429 27231 22067 27856 17374 12913 32306 15475 9555 10041 13731 12545 25155 24282 2223 31312 11837 13686 16001 28719 14821 12529 15865 13386 23878 20983 10917 11086 15466 30272 19949 4429 6696 12306 8333 11619 19774 14088 2121 26778 2976 22035 7643 19467 15 31422 3889 10822 24044 18870 29141 30708 26447 23689 6573 6075 6484 3246 18404 7522 29365 28614 17960 19510 2206 26913 16918 21676 23996 29828 31986 5447 12184 3625 9116 25276 11811 23560 25279 6997 20881 31829 2892 2451 17003 7498 23335 23063 2016 16934 15904 10434 28765 22902 6948 26908 26717 2195 436 11762 13185 20588 19351 5188 15331 28549 1740 21854 27560 9536 15299 17476 17620 14940 25549 14931 11106 29371 9168 14118 5525 19560 7999 14263 5769 12248 30537 2246 30477 30064 19025 6271 20661 25672 18335 2903 24362 3631 11093 6199 31685 11503 13988 28636 30556 25810 30783 13182 18012 4196 30992 16047 13080 31099 8491 18567 2657 9077 26880 8190 30295 2753 10964 1945 31614 32161 10354 29769 19477 29229 6429 13200 26019 32156 21450 15589 11474 20671 27020 12890 31616 24014 17488 21628 21780 2919 7626 28026 13582 6356 25263 30602 11235 6029 22053 649 15879 7677 2424 7393 14667 6025 31758 17328 29801 21967 30621 7719 11485 18219 31899 2096 30455 30336 21238 12371 29743 14389 4870 19674 17336 10365 15040 11315 24920 24284 9004 9367 26230 31463 27161 9961 24949 28235 9231 30945 14144 10256 27269 23145 17190 1311 6740 6727 10473 10754 22124 24061 3345 10732 8901 8429 10118 7929 11161 11969 25694 6070 3281 7434 1780 32228 11709 2087 826 23161 1287 5993 336 6888 22762 3189 16213 15266 20383 25065 17789 31709 25624 15682 8291 32404 4849 14333 5537 31951 21412 17404 1695 27940 12796 12076 30120 17534 7116 2661 24899 13341 14048 30609 27072 2270 21300 8977 29969 4029 19812 27740 17627 9112 30052 489 13005 18486 19825 29776 1841 30343 13639 1196 7616 32301 21909 12867 19643 8252 24494 19305 16951 18238 30081 1441 19385 123 19915 24838 15362 6775 26763 23273 25388 3259 26551 13244 19702 3288 24621 19502 14685 29866 14060 23960 876 24026 24196 4504 27220 5798 2251 15611 28863 21477 8402 16865 18018 17477 8471 23835 28625 26840 6652 25304 8344 22223 31864 11905 31623 18053 32013 18913 11597 5055 8954 3977 5449 4914 22449 19571 28828 24901 2699 9445 15235 3609 15547 16536 15588 19142 2433 538 28710 31720 32416 19825 16710 21851 22801 8705 20263 25410 31225 2992 10282 9294 10201 12103 13567 6461 28676 30235 17851 28064 15447 7406 29994 7650 28964 10768 22118 16006 10095 3785 8360 18608 22365 30716 19807 4071 1769 4612 23679 17689 20697 17378 13084 10975 22512 9626 18487 24323 31334 13786 5080 23872 22933 4829 29789 8008 2549 14991 32273 32268 32586 5618 26880 14391 2332 21440 4362 16891 29544 22098 15415 16913 8085 14528 6986 24571 10665 12106 14489 18317 28093 18166 18715 1451 431 18555 5059 8788 30486 16990 25356 7136 31099 32347 13526 10117 7366 26118 7280 23328 28662 6834 2806 9266 10261 17554 29149 12329 30571 23838 29644 10722 25843 30904 6061 28779 14347 21392 12805 11021 19567 9669 30848 24202 25192 717 29649 26531 16193 18454 17336 32477 12795 24301 26980 10629 20546 21920 3068 15346 32671 5087 27513 20746 7918 11880 30134 23304 25619 7652 12746 12668 16873 23819 30101 16530 27259 12815 6553 15768 16759 10040 7947 1211 21215 30411 31786 1041 8706 28209 720 22493 25771 3157 5447 31758 32408 24398 7517 14088 20781 25918 31163 8615 13162 29818 21874 28801 9755 28395 7639 25196 6222 17588 2705 30785 20490 2580 27632 23007 19262 9358 13185 3186 11512 21320 27359 24053 2775 5810 3275 10741 11971 15207 29823 23448 8411 3160 22336 20703 3503 28711 31795 808 23728 30161 9841 6391 2789 5264 25949 17653 7647 8960 16182 5689 17134 18816 27112 7623 28309 29659 1576 3414 4156 1576 4287 13143 
1000
add 293 765 -770
query 395 594
query 175 227
add 118 645 -426
add 188 838 -43
query 130 155
add 769 994 340
add 674 905 6
add 547 911 -98
add 472 841 377
query 310 767
add 83 340 -461
query 357 399
add 158 210 516
add 451 825 571
query 132 195
query 542 664
add 512 707 -977
query 570 643
add 601 847 -456
add 85 635 -362
query 227 987
add 604 984 434
add 346 900 645
add 50 806 -657
query 51 610
query 632 956
query 406 605
query 710 988
add 58 928 931
query 434 947
add 514 668 101
add 87 992 -808
query 175 929
query 120 572
query 174 949
add 320 668 -343
query 128 180
query 573 724
add 109 764 829
query 477 762
query 44 414
add 471 887 82
query 544 771
add 715 918 158
add 176 377 -359
query 560 663
query 619 762
add 198 991 388
query 191 653
query 201 257
query 633 936
query 307 648
query 493 976
query 84 341
add 190 774 366
add 70 923 -792
add 225 307 -876
query 475 719
query 310 738
add 58 983 458
query 233 247
add 90 643 -520
add 842 918 416
query 370 560
query 713 980
query 93 153
add 11 99 -278
add 816 847 989
query 651 807
query 445 466
query 180 360
add 315 668 91
add 499 572 200
add 848 854 158
add 39 220 504
query 266 951
add 426 713 879
query 587 931
query 364 663
query 491 591
query 134 735
query 177 848
query 329 953
add 228 475 -998
add 220 690 104
query 752 826
query 190 745
query 480 545
add 478 882 -531
add 323 488 -754
query 119 476
add 106 439 664
query 146 899
add 373 614 86
query 210 539
add 100 296 742
add 648 965 844
query 496 881
add 779 959 -250
query 292 929
add 729 947 542
query 203 655
query 152 793
add 549 917 -431
add 899 995 166
query 204 830
query 157 297
query 363 391
add 281 555 -209
add 538 767 -204
add 257 519 778
add 75 311 29
add 127 214 -986
query 40 964
add 128 611 -591
query 607 873
add 353 468 541
query 304 580
query 617 728
query 669 950
add 370 411 -859
query 388 531
query 8 171
add 231 942 -594
add 205 794 -766
add 57 98 -898
query 814 952
add 192 980 -520
add 517 932 664
query 283 523
query 922 935
query 58 781
query 379 679
query 668 978
add 226 834 519
query 158 794
add 563 757 -449
query 607 856
add 150 909 -875
add 273 472 -970
query 637 921
add 255 459 -794
add 52 749 -209
add 125 453 111
add 242 585 472
add 592 818 290
add 106 973 93
query 98 965
query 68 935
add 228 515 335
add 712 954 -913
add 92 615 -38
add 182 500 571
add 330 781 -850
query 422 450
add 527 742 -867
add 251 899 -128
query 30 112
add 340 840 800
add 331 438 333
add 845 919 -652
add 759 982 465
add 844 858 -343
add 459 973 -574
add 527 855 -399
query 353 516
add 90 383 -602
add 708 811 -756
query 42 939
query 134 853
add 228 818 -187
add 4 382 653
query 361 581
add 30 427 742
query 204 828
query 514 583
add 381 485 -78
query 820 917
query 440 635
query 305 572
query 80 664
add 754 999 283
query 274 338
query 478 857
query 66 827
add 285 336 -502
add 738 907 -663
add 99 998 -263
add 402 457 -965
add 210 968 -999
query 497 794
add 34 47 -742
query 711 819
add 46 409 764
query 115 963
add 291 413 -710
add 328 346 735
query 232 898
add 282 315 706
query 23 138
query 237 388
add 403 975 400
query 80 477
add 315 753 494
query 338 986
add 627 680 146
add 117 776 -171
add 248 581 -513
query 873 901
query 103 369
add 160 250 773
add 359 836 -94
add 345 674 -508
add 770 932 -449
query 427 657
add 134 455 -623
add 219 940 815
add 361 688 919
add 335 955 501
add 95 156 -964
add 290 588 -536
query 479 603
add 125 331 128
add 639 747 846
add 384 448 -696
add 469 718 -399
add 331 754 930
query 89 89
query 153 910
add 771 981 44
query 52 502
query 823 978
add 414 888 -796
query 256 346
query 225 290
query 144 468
add 72 470 -858
add 292 892 -158
add 919 943 524
query 393 406
query 111 554
add 751 831 -840
add 85 631 -850
add 615 827 989
query 382 812
add 677 741 -341
query 329 589
query 431 586
add 245 531 -957
query 602 677
add 150 217 -685
add 243 472 -404
add 60 653 -579
add 36 405 882
add 598 610 737
add 434 595 -789
add 481 915 568
add 492 785 -949
query 112 587
query 538 888
add 18 120 -612
add 578 770 -13
add 382 729 47
add 69 100 -370
add 667 772 -284
add 180 401 365
query 479 843
add 185 254 42
query 7 260
add 441 628 437
query 408 638
add 85 128 783
query 549 663
query 278 877
query 516 545
add 41 196 72
query 15 907
add 247 786 610
query 111 490
add 42 535 758
add 675 915 -256
query 23 976
query 407 884
query 716 802
query 876 926
add 170 222 -797
query 90 982
query 200 410
query 745 761
query 815 967
add 403 410 251
add 698 999 -759
add 33 482 586
query 44 633
query 431 713
query 354 882
query 822 984
add 148 408 -464
query 502 950
add 47 170 68
add 799 996 793
query 608 753
query 5 447
add 29 33 -327
query 41 650
add 787 894 -414
query 144 354
query 308 348
query 760 998
query 5 865
query 425 796
query 347 563
query 5 879
query 373 516
query 45 511
query 458 479
query 66 582
query 535 944
query 620 931
add 752 948 797
add 60 816 35
query 489 607
add 599 698 -299
add 281 712 -887
add 406 964 749
query 465 704
query 50 876
add 204 367 737
add 341 466 -857
add 461 796 -45
add 88 782 714
add 722 997 -219
query 151 871
add 342 439 -966
query 341 606
query 565 644
query 634 793
add 459 466 910
query 581 906
add 259 714 257
add 206 809 556
add 805 819 3
query 207 236
query 199 502
add 40 471 -366
add 625 713 -113
query 550 613
add 312 787 -135
add 288 955 -611
query 17 339
query 215 527
query 64 710
query 271 841
query 440 646
add 783 888 -855
add 272 664 206
add 439 703 -130
add 790 930 451
query 340 454
add 211 330 -110
query 66 739
query 227 460
add 164 928 -350
add 744 820 -578
query 916 916
query 145 669
query 12 609
add 180 407 760
query 219 317
add 108 949 82
add 297 784 -919
query 592 616
query 553 624
query 326 799
query 1 625
add 73 945 503
query 2 117
add 43 132 -669
add 320 735 -745
add 153 454 -878
add 218 444 -921
add 8 373 -137
query 884 933
query 132 948
add 200 956 471
add 23 631 -214
query 335 913
query 424 737
query 957 964
add 584 819 320
add 170 436 -274
add 24 932 350
query 112 737
add 862 955 714
add 3 228 -432
add 102 581 333
add 79 971 -197
query 371 546
query 310 973
query 201 439
add 54 69 -96
add 451 590 -996
add 397 909 -595
query 493 890
query 279 416
query 483 981
query 213 645
add 435 840 769
add 603 999 -987
query 120 530
add 680 938 -735
query 486 877
query 318 924
add 376 470 100
query 805 950
add 445 531 -325
add 510 938 -239
add 464 640 75
query 520 739
add 497 866 -784
add 546 597 -658
query 142 165
add 399 738 120
query 594 673
query 311 780
query 319 891
add 713 835 245
query 637 838
add 173 335 -553
add 210 611 -126
add 265 965 992
query 722 889
query 27 936
query 20 980
query 154 490
add 446 952 243
query 423 903
query 56 977
add 245 914 426
query 154 497
add 322 824 669
add 848 851 -724
query 88 790
query 170 383
query 792 836
query 228 906
add 600 899 53
add 518 598 -836
query 741 969
query 441 798
add 288 551 -116
add 82 228 -238
query 423 447
query 362 485
add 257 994 250
add 290 468 375
query 175 539
query 504 810
query 730 764
add 952 984 248
query 493 724
add 302 577 -450
query 146 549
add 5 838 567
add 199 399 426
add 272 323 -411
add 768 915 23
query 402 767
query 809 997
query 574 599
query 218 244
add 223 478 -100
query 365 971
add 237 982 429
query 304 697
query 884 982
add 153 348 -688
query 175 341
add 519 542 -763
add 152 496 11
add 115 479 500
query 88 849
add 612 873 -743
add 122 274 -87
add 276 526 108
add 659 984 215
query 328 980
query 350 367
add 24 795 966
add 463 774 687
add 649 856 -88
add 543 607 488
add 0 348 -536
query 235 287
query 599 999
add 6 79 -354
add 734 754 -171
query 674 969
add 355 896 160
query 720 800
query 428 632
query 339 511
query 105 542
add 348 578 -180
add 200 590 557
add 499 764 248
add 28 445 854
query 216 509
add 31 625 -477
add 395 415 68
add 229 820 -439
add 766 778 -235
add 96 907 216
query 349 570
query 813 910
add 502 572 -350
query 554 939
query 697 777
query 449 760
add 522 864 604
query 705 983
add 758 834 456
add 207 400 -395
add 528 764 -667
add 405 911 220
query 538 858
query 231 557
query 245 549
query 237 462
add 152 320 96
add 413 936 -119
query 186 852
query 191 768
query 421 712
add 26 49 520
add 833 980 861
query 271 531
query 465 647
query 724 992
query 218 970
query 408 735
add 115 824 -259
add 722 847 993
query 70 730
add 760 860 -471
query 168 261
query 653 669
add 361 537 220
add 398 709 704
add 298 478 -625
add 142 950 -789
add 420 737 442
add 381 405 497
add 87 314 516
add 169 205 499
query 202 366
add 224 436 -376
add 394 837 275
query 726 902
query 209 865
query 78 372
add 108 542 900
add 829 867 -821
query 372 772
add 504 889 -135
add 410 863 574
query 40 209
query 234 924
query 404 507
query 564 585
query 59 757
add 674 679 971
query 646 885
add 124 982 -622
query 69 651
query 597 699
query 462 531
add 319 801 -665
add 626 929 498
query 205 992
add 134 162 936
query 27 137
query 213 316
add 248 766 839
query 32 125
add 153 336 353
add 536 625 760
query 694 814
query 38 311
query 10 559
add 261 839 -154
query 183 801
query 303 612
add 656 703 791
query 438 905
add 109 878 -318
query 405 715
add 813 858 615
add 673 720 662
query 138 201
add 542 929 -999
query 73 561
add 31 375 -963
query 515 757
query 214 984
add 52 738 -760
add 34 949 -282
add 193 845 -940
query 96 367
add 218 686 -596
add 269 663 442
add 272 429 757
add 109 202 307
query 196 548
query 547 629
add 295 752 460
add 608 736 244
add 928 955 -813
add 856 911 -203
add 303 745 503
add 147 750 -719
query 339 522
query 170 246
add 29 132 750
query 790 834
add 478 678 709
query 230 972
query 640 908
query 354 425
add 609 611 -449
add 206 989 638
query 535 896
query 37 559
add 339 705 854
query 117 323
query 633 716
add 1 589 -139
query 291 355
query 514 885
add 64 609 990
add 384 967 832
query 682 851
add 634 891 -90
add 427 845 -204
query 76 416
add 757 860 572
query 45 655
query 64 471
add 527 885 -22
query 326 514
add 50 112 926
query 86 514
query 507 800
query 306 824
add 190 437 270
query 213 429
add 653 891 805
query 56 78
query 43 190
query 607 970
query 331 477
query 15 431
query 40 192
add 165 322 -220
add 38 403 -150
add 582 911 -28
query 658 924
query 15 368
query 512 820
add 545 964 -730
add 826 961 73
query 578 804
add 324 778 430
add 401 760 -43
query 143 407
add 78 98 -612
query 774 913
query 209 747
add 42 358 187
query 113 834
query 561 929
query 166 272
add 711 927 354
query 170 585
query 441 493
add 14 411 322
query 333 385
add 547 731 -996
add 148 614 340
add 311 419 -884
query 289 741
add 640 818 -254
query 132 644
add 40 973 -801
add 367 565 -132
query 660 754
add 82 604 -734
add 217 976 -748
add 201 945 699
query 580 643
query 303 530
query 73 510
add 463 563 -746
query 776 876
query 249 397
add 310 431 555
add 155 819 -171
query 234 518
add 560 764 485
query 188 372
query 49 714
query 807 853
query 195 722
query 672 777
query 14 893
add 30 959 -521
query 651 704
query 727 925
add 845 861 34
add 547 667 -100
query 109 867
add 153 815 124
add 182 756 23
add 242 254 -474
query 168 364
add 534 628 -726
query 737 880
query 160 862
query 282 578
add 223 738 72
query 325 873
query 520 953
add 24 356 -685
query 688 977
add 212 807 206
query 678 854
query 801 907
add 243 332 116
query 744 814
add 223 683 832
add 822 942 -648
query 821 891
query 93 328
add 36 278 414
query 349 757
query 253 651
add 553 630 -195
add 578 905 -972
query 311 382
add 294 962 -811
add 645 887 -577
add 39 562 249
add 584 798 -294
query 270 297
query 130 214
add 724 912 -901
add 257 384 -342
add 48 853 618
add 259 411 26
query 170 557
query 228 973
add 442 679 -274
add 108 867 363
query 487 804
query 85 858
add 231 960 45
query 560 813
query 62 801
add 444 955 -871
add 15 582 156
add 157 761 772
query 745 872
query 270 468
query 143 333
add 637 649 10
query 732 790
query 103 874
query 254 614
add 662 715 -766
query 355 420
query 280 941
query 580 910
add 445 696 256
add 487 689 -137
query 634 732
query 487 803
query 127 605
query 33 399
query 67 908
query 35 744
query 74 414
add 221 302 -306
add 264 423 488
query 262 280
query 653 842
add 220 383 -596
add 535 920 872
query 475 723
query 44 858
query 65 757
add 56 882 -254
query 438 871
add 18 616 -236
query 758 874
add 415 669 559
query 447 897
add 289 345 163
query 140 580
query 155 808
add 155 413 94
add 283 293 637
add 140 584 -601
add 69 647 -50
add 106 449 -649
query 75 335
add 277 577 -881
add 595 718 -884
add 432 876 804
add 285 871 119
query 127 221
add 419 503 -567
query 16 315
query 532 594
add 488 567 573
query 40 270
query 348 409
add 63 185 632
add 196 245 -104
add 74 288 -887
query 543 883
add 454 901 -230
add 512 701 780
query 511 828
query 44 466
query 391 739
add 621 963 -294
query 391 462
add 269 870 916
add 361 614 -683
add 106 682 322
query 274 534
add 244 628 -359
add 55 882 395
add 11 829 226
add 461 839 244
add 36 898 -433
add 8 704 -310
add 1 66 864
query 481 739
query 434 693
add 421 724 751
add 316 689 365
query 371 889
add 300 319 503
query 774 810
query 566 671
add 198 852 -260
add 5 196 821
query 63 106
query 317 529
add 100 956 -199
add 169 361 407
add 354 518 -350
add 289 377 782
query 458 809
add 455 508 221
add 832 904 178
add 169 982 -74
add 894 904 401
add 496 751 126
add 313 896 941
query 142 682
add 68 773 742
add 245 329 -89
query 243 430
query 165 541
add 358 464 481
add 774 817 -194
add 205 363 -114
add 259 767 -804
query 30 490
query 628 981
query 428 762
add 48 684 645
add 351 800 -140
add 98 107 359
add 34 847 950
query 240 709
add 541 966 373
query 322 824
add 484 821 -257
add 145 515 -923
query 405 438
query 432 638
add 266 645 24
add 290 727 507
query 380 406
add 523 982 848
query 151 950
add 207 989 908
add 426 554 295
query 395 796
add 265 490 -692
add 127 895 969
add 67 454 -709
add 111 705 125
query 38 956
query 413 565
query 577 978
query 653 853
query 671 688
add 576 831 -193
query 321 694
query 316 347
add 454 673 -659
add 221 892 441
query 311 558
add 869 956 -273
query 203 678
query 573 899
add 196 925 -237
add 212 723 189
query 91 665
query 137 326
add 148 740 522
query 164 264
add 328 817 183
add 13 921 280
query 173 692
add 124 227 387
query 141 349
add 313 696 454
query 235 600
query 663 895
query 104 293
add 651 658 -725
add 477 503 362
query 195 468
add 70 724 527
query 142 297
query 494 882
add 233 851 359
query 505 684
query 34 414
query 701 888
add 145 506 -188
add 449 605 -114
query 456 983
query 213 780
add 597 651 552
add 204 294 736
add 311 358 917
query 659 867
query 819 919
query 70 386
add 530 602 -906
add 128 891 653
query 637 925
query 125 345
add 491 663 986
query 58 491
add 188 996 -817
query 161 849
add 148 514 385
query 188 476
add 78 109 668
query 807 955
add 94 767 -185
query 96 697
add 406 803 56
add 372 743 -989
add 447 783 46
query 395 788
query 353 668
query 43 553
query 456 486
query 327 363
add 390 749 554
query 574 977
query 276 339
query 150 689
add 563 653 143
add 821 940 323
add 513 849 -963
add 617 745 191
add 14 94 -669
add 5 43 227
add 460 547 188
query 358 471
add 8 326 656
query 555 972
add 124 295 386
query 730 834
add 169 266 -335
add 55 924 -574
query 24 45
add 834 838 -801
add 23 656 -29
query 199 738
