3824 26159 28380 26246 21414 13405 27817 31841 2963 10843 4760 20246 12592 7829 19450 4353 4212 17395 31651 26364 4842 5539 18587 21048 4614 12314 8982 29036 9145 15189 5542 23858 5443 19045 14000 9133 2121 21546 19997 10096 26151 10591 849 26011 7559 3030 10081 26439 24115 19205 28544 25125 18215 2498 13243 19553 15083 4427 1511 26573 19999 21897 13527 2107 1111 3734 4050 6442 20266 2940 32323 9894 902 8768 16307 28009 14662 24863 26613 13894 18695 25879 27552 200 23607 31145 20675 16662 17262 26078 22483 13593 1794 2696 12520 5345 26070 13770 4393 8773 13938 20442 15493 23498 24153 17670 22437 22215 21398 20725 5662 1222 23705 3888 6378 26668 577 29920 4377 31773 26682 6106 31428 21402 32649 26328 1091 13292 18277 14089 30111 11846 4169 19149 11338 31910 30023 13753 32526 9724 32671 16866 7748 11662 10384 14936 17478 20891 11630 16112 18983 7486 27125 1351 29857 20886 11485 11011 3406 27172 15022 32092 7195 16500 29398 23004 21755 4864 19193 3170 3544 29521 5256 20077 20687 24423 16533 19351 24220 2651 5606 20320 13651 6211 3400 45 28498 20822 18469 19345 3699 4177 21849 26570 1926 28697 14402 3727 8702 31905 26134 21769 32746 27406 11642 17695 25127 7449 15440 7158 31956 29621 14288 20920 28679 13554 6874 20117 14526 2338 20106 28936 11801 21306 12558 18780 24262 26747 32436 11886 25276 27473 20807 4020 29996 19835 10652 10366 27316 15724 14184 30844 22487 753 21332 9601 31658 3861 24404 10886 17103 17218 308 30706 30375 13224 27508 26905 27844 26850 10325 13058 19101 25815 6964 12397 12678 28383 11287 12052 26335 27432 20870 8754 19595 16727 27804 24130 15780 5746 11101 16905 9068 24061 25930 28886 22151 1635 9779 521 8296 17560 23373 18898 28938 17149 22148 7995 7392 14212 7186 17257 14094 9492 11857 19998 23513 19503 19405 17283 32604 3794 21406 14117 5245 19356 17397 8253 8224 29747 1780 17204 3227 25316 451 21606 20841 13193 6624 14375 17186 9136 9398 1027 8106 15865 30066 9546 10921 21696 32018 20685 28220 4092 12478 8162 29675 4711 10844 32430 2522 31200 14175 20387 26691 16141 18911 26695 19235 14404 32751 19255 21556 17324 13611 17260 18716 23711 21136 17598 484 8275 20625 13734 7083 1466 8038 1608 17308 19622 27048 14513 11805 26673 25883 15965 3657 26716 9675 20220 8609 9974 10074 7285 9214 15296 152 2092 16331 31694 30036 15745 20080 2096 23154 21913 32017 12242 62 26720 10617 10401 5888 11982 2897 25583 16849 6762 32150 537 19372 1549 31818 10599 13000 25577 10857 17459 32293 3273 29726 27214 4453 5274 8503 31135 29406 18475 27607 8717 14317 14385 28522 26784 2957 30094 990 26082 808 25299 22801 17292 13741 16131 26245 15710 18658 19866 859 10575 26876 16333 14975 19174 24173 17172 12064 30184 13821 22758 9571 17459 12060 23491 856 25322 25718 21880 24109 15058 25289 2719 26529 30716 8691 24421 20412 13477 5200 31120 28349 19290 16450 17344 19285 5216 6161 13812 20754 4690 1014 1873 19230 21004 21106 11551 30505 456 740 19221 17572 903 7771 30934 5168 32435 4777 187 2902 13570 17337 31699 20600 7837 18210 28456 17159 4482 32251 20036 1015 30758 242 1780 25200 23391 4760 31308 199 17282 3071 1771 17836 13512 30599 2177 28069 19191 19957 28814 20667 14398 2501 23660 12402 11104 1218 19599 8703 24853 21459 24844 26806 25773 5400 16216 21698 17398 25653 1362 31256 14944 26862 28036 21422 5983 13301 2214 9959 25617 24063 12388 15186 3105 7453 5986 14997 3563 17482 6780 19620 30176 24896 14162 17463 10540 27793 19460 28538 17303 16370 1082 24838 3241 18138 5992 17680 18450 7500 15440 5856 25929 4336 30152 19077 21106 14441 7357 16072 30341 5347 19320 2910 5805 29163 3616 32610 10990 30596 31872 25602 26123 8823 8459 22392 29863 5866 20765 21564 14250 308 23172 14455 32230 30960 10815 25019 251 6736 20613 12530 10615 18869 1546 2709 24130 21884 5757 10015 25402 27162 21589 18368 2842 3179 31181 9045 16544 3655 6957 8088 10991 12631 3660 10900 28978 27686 27475 18525 24962 1403 2755 10493 32522 31207 9402 23217 15208 24474 30066 27734 24407 15482 2826 5150 26251 631 8329 11911 21213 9752 10784 10638 15016 858 30383 12319 5747 1211 2699 10705 4560 16530 6015 25296 25475 161 13840 28698 28903 26605 17413 9199 16526 10958 3111 9858 40 3394 6982 1781 8614 7046 26236 22660 21407 20712 9910 12289 22770 8407 3439 5504 941 5692 14015 15955 22317 32013 31893 9017 5511 18974 3904 18130 15399 13627 30517 16470 13239 14709 25612 24199 14147 28601 27851 30436 13978 30631 9575 13600 14327 25248 11656 32466 31968 21793 7309 16238 28239 21072 28368 12404 5136 26069 22571 29159 7018 8171 8123 1793 12545 6071 26851 2853 12795 26584 3476 13077 30818 22847 28108 28261 18121 12353 22621 15664 5939 20458 28912 3593 20784 10133 14153 14388 11081 7865 5069 26135 15262 29446 3393 1003 31694 15537 3028 1719 17431 3340 19808 8063 447 23385 28397 11960 11442 13280 12151 3072 16492 23871 20465 30220 15385 26626 13449 16098 28155 23667 11054 2120 3597 31411 31567 9340 27622 16650 8934 28453 13279 11388 25782 12938 3960 26525 3024 27906 9464 23462 2140 2731 14932 22471 18838 26463 32594 17087 30999 11492 17134 2731 31574 24931 6141 18203 22894 14876 11536 16747 30754 1623 23451 22353 16414 18078 12887 27570 7039 17449 32484 22970 27798 15514 6835 7723 25065 30187 32547 10997 19323 20132 25834 6408 21838 7761 29367 11366 19237 31283 16150 24188 18830 12854 10643 25266 32 6691 20258 22849 26882 29463 7614 9284 6573 2356 19281 4883 4338 22934 13268 22476 9790 21640 25271 31538 32285 4088 19331 17083 10237 32297 30142 15588 18741 31912 8207 26568 31045 20353 7842 9713 13151 23730 30926 30062 295 15328 2549 7461 17080 28233 10668 17515 14311 21242 7964 10450 11979 11074 25512 26178 31613 17254 30929 1356 7452 5014 21846 17338 13332 27936 11679 19307 11680 2020 7003 19294 18574 1032 26729 
1000
query 292 338
query 282 341
add 567 706 217
query 116 324
query 429 690
add 616 664 65
add 261 776 461
add 683 792 -971
query 71 858
add 586 883 549
add 202 453 -137
add 70 573 -746
add 644 695 329
add 2 875 354
add 416 640 636
add 443 579 644
add 41 323 -306
query 677 719
query 9 535
query 649 914
add 395 430 234
add 654 708 -349
query 682 820
query 798 931
add 18 129 898
add 140 960 -586
query 29 375
query 152 232
query 359 775
add 4 193 15
add 292 444 746
query 179 674
add 173 625 28
query 591 696
add 153 663 337
query 250 483
add 553 827 -680
add 350 573 -183
add 54 745 -737
add 752 785 542
add 30 545 88
query 492 705
add 531 753 -562
add 185 712 447
add 78 414 -474
query 149 651
query 329 580
query 707 728
query 27 582
add 35 918 224
add 700 947 -628
add 655 848 83
add 388 467 15
add 388 932 -150
add 85 841 -989
add 400 470 427
query 425 916
query 35 577
query 31 647
add 126 785 -204
add 384 475 401
query 73 703
add 786 924 -130
add 588 980 -962
add 904 996 -1
query 149 539
add 626 913 382
add 563 693 -895
add 676 813 662
query 103 536
add 627 779 -445
add 64 950 265
query 80 501
query 559 610
add 57 343 -267
add 48 845 -729
query 356 462
query 829 834
query 283 346
query 398 470
add 209 363 -468
query 234 786
query 673 861
add 149 583 -213
add 549 774 338
add 150 708 -97
add 469 816 -730
query 82 198
query 282 887
add 821 907 -674
add 432 941 467
query 107 395
query 20 954
add 297 659 901
add 317 850 903
query 86 379
query 986 986
query 50 873
add 608 955 -442
add 80 240 675
query 598 724
add 178 930 653
add 304 514 430
query 115 968
query 225 612
add 331 633 -517
add 799 840 -467
query 541 706
add 306 562 268
add 679 898 -183
query 518 703
add 373 411 747
query 37 338
query 553 603
query 307 427
query 186 678
add 563 656 -37
query 202 759
add 295 538 466
add 66 951 218
query 20 179
query 125 663
query 628 915
query 162 782
query 11 734
query 581 655
query 254 402
add 756 877 -782
add 813 874 -192
add 289 875 297
query 790 852
query 528 738
query 598 650
query 75 719
add 175 858 -644
add 81 841 -635
query 267 728
query 853 938
query 615 816
query 98 862
query 189 190
query 853 904
add 454 891 42
add 672 740 302
query 542 707
query 315 528
add 454 883 -391
add 949 995 -180
add 93 446 -720
add 121 972 697
query 692 712
query 72 374
add 43 596 112
query 1 987
add 9 649 -971
add 263 369 -576
query 466 869
add 84 401 598
query 13 146
query 683 876
add 354 776 832
query 295 872
add 16 647 -886
add 99 463 -885
add 400 566 -879
query 533 555
add 124 546 -62
add 209 711 -531
add 184 718 -207
add 150 169 983
add 816 931 -804
add 339 533 351
add 237 663 629
add 147 474 -926
add 5 768 206
query 338 907
query 866 903
add 253 773 -331
add 359 898 319
query 302 781
query 353 539
query 495 930
add 475 488 580
query 696 980
query 418 433
add 985 997 814
query 303 547
add 237 279 875
query 203 547
add 352 993 678
add 44 59 -129
add 568 907 191
query 822 885
add 722 772 -278
add 324 343 -271
add 155 401 -612
query 306 421
add 198 799 -924
query 470 978
query 251 303
add 21 647 383
add 862 984 415
add 227 976 996
add 721 958 -379
query 177 432
add 58 832 193
query 567 763
add 434 654 -602
query 69 364
query 173 210
query 17 973
add 273 701 430
add 643 648 132
query 299 997
add 557 638 -325
query 438 801
add 54 171 -550
query 139 560
query 150 361
add 227 931 696
query 327 886
query 172 748
query 133 777
add 117 520 -597
add 94 612 -509
query 150 345
query 404 536
add 543 546 -628
query 218 264
query 913 927
query 641 718
query 52 713
add 517 934 932
add 54 734 -86
add 398 856 -177
add 122 580 608
add 511 947 -693
add 500 672 -155
add 267 929 720
query 74 793
add 276 805 -675
add 360 482 766
query 39 469
add 475 970 -206
query 376 449
add 400 708 823
query 228 889
add 330 676 644
query 107 591
query 22 715
query 105 193
add 215 583 181
add 16 811 -131
add 36 976 -301
query 523 707
add 230 428 -632
add 583 929 828
query 678 763
add 405 684 -84
add 91 679 -158
add 305 513 616
add 48 750 833
query 48 866
query 432 605
query 162 443
query 330 338
add 471 804 383
query 148 293
add 249 464 -52
query 211 757
query 600 756
add 541 568 -525
add 353 525 98
query 424 627
add 343 876 -873
add 46 971 -612
query 734 988
query 33 578
query 459 728
add 309 318 -374
query 239 310
query 56 533
add 401 666 944
query 249 641
add 303 760 -607
query 320 930
query 794 899
query 10 589
add 194 726 -46
add 269 418 50
add 301 678 -302
add 776 884 791
add 143 752 -823
add 271 757 -445
add 300 611 -97
query 132 731
add 238 798 -851
add 128 958 -347
query 149 956
add 454 905 104
query 57 999
query 262 472
add 60 418 427
query 324 472
query 109 870
add 841 852 487
query 763 811
query 234 587
query 611 876
query 205 258
query 175 998
query 684 775
add 646 936 106
query 7 99
query 58 160
query 682 836
query 64 919
query 188 792
query 56 525
query 121 524
query 214 255
query 331 637
add 245 843 886
query 58 150
query 331 634
add 369 786 -17
add 14 780 -517
add 155 223 348
query 633 650
add 494 929 -788
add 236 361 103
query 366 682
query 540 853
add 505 923 -381
add 733 739 -539
add 10 758 399
query 257 734
add 640 929 476
add 594 776 338
add 612 897 696
add 740 756 -510
query 161 443
query 727 737
add 554 618 241
query 13 801
query 28 262
query 197 336
query 14 81
add 711 745 212
query 199 650
add 92 677 -183
query 209 486
query 259 809
query 394 524
query 93 249
query 563 764
query 591 742
query 600 852
add 68 484 -362
add 93 278 14
query 310 889
add 217 466 993
query 684 807
query 224 611
query 799 886
query 864 888
query 197 964
add 21 785 -674
add 76 174 -652
query 223 338
add 8 565 -674
add 54 728 265
add 536 585 761
query 639 932
add 760 851 -586
add 339 852 258
query 690 734
add 560 666 -748
add 10 312 405
query 199 973
query 932 952
add 328 820 316
query 219 568
add 81 835 740
query 331 563
add 448 935 593
query 508 581
add 671 747 -952
add 462 773 553
query 411 757
query 29 364
add 258 584 352
add 649 673 -361
add 263 311 -486
add 40 245 -178
query 410 482
add 6 39 956
add 660 994 -39
add 154 241 729
add 501 867 131
add 443 830 -687
query 51 470
query 456 568
add 616 616 159
query 165 918
query 818 840
query 623 792
add 800 848 -695
query 615 774
add 247 492 162
add 273 936 -520
query 309 947
query 208 509
add 485 785 -387
query 404 502
query 150 928
query 934 960
add 615 774 -84
query 40 741
add 197 337 447
add 118 638 -671
query 143 645
query 626 692
add 249 863 -898
query 495 721
add 24 911 -894
query 310 927
query 45 590
add 446 928 387
add 247 774 -637
add 161 982 -372
query 100 241
query 9 682
query 280 588
query 201 404
add 21 248 236
add 446 910 -962
query 723 783
add 190 402 -134
add 22 677 984
query 1 463
add 99 785 -289
add 46 351 902
add 360 379 368
query 486 742
add 175 747 -173
query 286 493
add 217 603 -609
query 133 181
query 704 759
query 529 925
add 476 870 823
add 81 294 -360
add 387 941 -311
add 180 885 -774
query 435 831
add 164 833 -430
add 364 885 -968
query 60 555
query 154 583
add 129 669 786
query 531 779
query 454 537
query 621 805
query 124 131
add 824 879 365
query 185 685
add 847 891 -522
query 111 455
add 244 847 276
query 172 271
add 470 863 679
query 33 57
query 65 554
query 58 929
query 199 350
query 264 301
add 70 580 -422
query 91 457
query 97 144
query 563 952
add 386 844 -269
add 461 723 469
query 430 502
query 46 964
query 924 928
query 600 777
add 222 287 -302
add 288 314 -153
query 666 912
query 585 817
query 20 720
add 170 594 920
add 304 961 490
add 440 561 -843
query 611 911
query 346 805
query 125 863
query 482 851
add 93 425 694
add 550 830 -754
add 96 291 -220
add 193 393 -327
query 555 592
add 393 534 -370
add 310 356 241
query 536 851
query 277 627
add 664 669 894
add 294 480 -955
query 62 336
add 63 271 821
add 405 724 536
add 416 433 -3
add 219 804 624
query 183 852
add 417 419 -999
add 111 882 -233
add 149 154 -827
add 72 809 762
add 649 836 636
query 523 899
add 129 487 -496
query 321 896
query 906 956
add 173 697 -489
add 339 399 718
query 14 701
query 626 648
add 36 986 978
query 39 600
add 208 411 -631
query 337 732
query 605 904
query 217 462
add 585 591 643
add 159 402 -426
query 289 840
query 565 829
query 368 442
query 126 871
add 691 857 -307
query 625 989
query 103 186
query 216 957
add 407 639 -472
add 46 497 303
add 246 361 722
add 70 414 278
query 158 990
query 24 330
add 670 872 -287
query 147 574
add 389 614 -433
add 503 596 379
add 180 857 889
add 195 862 -914
query 430 799
add 154 582 -128
query 840 998
add 261 712 -269
query 2 265
query 488 708
query 547 991
add 643 770 822
add 53 552 -993
query 17 858
query 766 814
add 567 938 -30
add 737 970 -770
query 224 898
query 385 997
query 646 712
query 425 805
add 205 521 14
query 761 805
add 142 289 406
add 116 518 747
add 271 708 -827
add 287 692 890
query 717 793
add 2 131 281
add 212 507 -941
query 545 623
query 418 559
add 220 295 -298
add 439 573 944
add 378 509 -986
query 245 590
query 269 645
query 7 641
add 110 750 785
query 194 555
query 393 452
query 397 763
query 470 968
add 205 774 -879
add 159 866 -470
query 535 762
query 195 353
add 432 906 829
query 82 285
query 364 883
add 545 900 14
add 51 318 -94
add 258 804 964
add 518 891 -60
add 134 778 910
query 89 175
add 535 765 -129
add 391 555 393
query 349 654
query 284 346
add 253 768 438
add 649 962 -773
add 424 888 -618
query 135 282
add 636 751 203
add 772 854 493
add 211 590 889
add 263 669 673
query 501 510
query 117 651
add 371 532 577
add 277 553 542
query 173 261
query 542 833
add 558 703 -38
query 160 179
add 7 318 -214
query 511 735
add 578 762 -590
query 742 923
add 15 250 451
query 9 725
add 146 645 -261
add 344 447 997
query 168 937
query 32 228
add 445 505 577
add 900 933 -216
query 454 647
add 201 693 -459
add 37 141 367
query 128 571
add 616 650 289
add 77 246 -906
add 6 464 -848
query 419 810
add 213 778 19
add 175 711 839
query 64 557
add 488 682 -897
add 7 873 -317
add 77 208 163
add 823 896 -382
query 481 791
add 292 773 -347
add 21 398 -198
query 660 665
query 134 427
query 164 359
query 212 940
add 660 674 -239
add 37 52 65
query 438 453
query 409 737
query 13 999
query 42 512
add 746 891 -510
query 90 527
add 440 957 -300
add 296 907 156
add 155 391 944
add 646 651 608
add 313 519 -857
add 147 188 -47
add 475 720 617
query 169 832
query 371 941
add 258 371 -642
query 254 665
query 304 495
add 704 948 -169
query 565 796
add 390 702 -389
query 502 565
add 205 876 -816
add 526 697 666
query 624 722
add 743 882 -381
add 301 585 -605
query 313 709
query 144 766
add 42 703 528
query 976 999
add 325 365 -989
query 403 695
query 156 243
add 539 831 -830
query 694 963
query 185 689
query 81 749
query 323 379
add 236 433 -429
add 326 913 841
add 614 686 824
query 157 287
add 166 820 -980
add 571 703 299
query 505 561
query 521 924
query 1 456
add 288 979 256
query 42 978
add 41 992 308
add 85 951 915
add 649 743 917
add 641 708 276
query 280 545
add 40 205 506
query 7 440
query 550 654
add 561 804 339
add 38 201 466
query 256 940
query 48 925
query 789 800
add 288 580 935
query 659 848
add 586 818 -844
query 91 474
add 559 617 857
query 48 509
query 526 959
query 259 948
add 110 783 -978
add 435 950 -179
add 104 159 -86
query 303 767
add 136 707 552
add 811 906 -469
add 187 607 58
query 86 460
query 590 893
add 81 733 905
query 693 757
query 367 691
add 668 910 -543
add 581 933 862
add 352 358 688
query 776 860
query 400 489
query 335 553
query 419 845
add 812 816 -587
query 493 538
add 391 431 -46
query 463 941
add 132 789 -451
add 430 845 198
add 510 890 -103
query 662 930
query 95 271
query 159 835
query 21 253
add 380 526 770
query 204 859
query 175 868
add 38 854 439
add 24 521 -181
query 278 302
add 231 413 -779
query 680 795
query 586 832
add 149 361 984
add 186 836 -29
query 640 725
add 283 742 -338
query 292 433
add 137 806 -342
add 202 986 155
add 419 614 -723
add 276 430 -977
query 212 494
query 263 764
query 322 864
add 147 942 -676
add 590 659 317
add 342 902 68
query 116 381
query 568 710
add 904 936 257
query 454 605
query 208 910
add 340 739 -582
query 588 925
add 513 577 -128
query 21 168
query 198 718
add 128 927 -957
query 592 736
add 488 989 -575
query 350 778
add 268 337 793
query 278 586
query 542 988
add 513 816 -988
add 256 451 218
query 700 923
add 86 136 -410
query 149 399
add 291 870 -354
add 91 689 489
query 575 832
add 67 486 32
add 184 422 -318
add 288 509 770
add 26 451 225
query 119 984
add 1 749 -915
query 543 756
query 205 386
add 517 850 -473
query 721 865
add 566 838 -70
add 117 828 377
query 563 913
add 774 919 -835
add 389 844 -802
query 518 933
query 409 626
add 169 787 635
add 347 701 -883
add 179 709 -990
add 838 882 -67
add 344 609 251
add 383 992 -240
query 771 849
add 22 713 902
query 671 781
query 59 214
query 67 974
add 24 487 -598
query 413 452
query 499 764
add 24 281 -589
query 91 346
query 549 772
query 185 788
query 52 717
add 136 687 683
add 635 793 -384
query 483 941
add 959 965 -67
add 556 756 -256
query 205 735
add 111 486 -522
add 459 624 307
add 263 916 -879
query 68 495
add 622 768 -622
query 76 420
query 64 237
add 450 720 222
query 29 376
query 72 645
add 380 804 600
query 492 543
add 217 760 36
query 421 750
add 516 971 -478
query 262 287
query 47 512
add 669 898 112
query 239 938
query 128 158
query 686 903
query 737 819
add 107 153 451
query 415 868
query 318 364
add 150 520 400
query 468 509
query 596 772
add 307 362 175
add 854 992 -45
query 169 915
add 402 685 -463
query 149 224
add 16 518 428
query 284 942
query 761 867
add 838 845 102
add 472 517 38
query 899 918
query 496 766
add 119 246 -316
query 587 787
add 414 628 83
query 296 314
add 144 824 -797
query 111 378
query 700 889
add 354 932 -523
query 523 921
add 43 481 254
query 75 760
add 98 391 293
add 291 379 397
query 327 453
add 698 904 -414
query 496 883
query 557 775
query 348 835
query 332 587
add 616 778 -839
query 688 775
query 254 837
add 80 717 277
query 165 665
add 885 969 393
add 97 712 520
add 796 980 -472
query 113 437
add 771 923 -73
add 99 359 382
add 708 763 -218
query 373 421
add 190 500 682
query 604 918
query 614 687
query 43 465
query 114 764
query 18 935
query 54 674
add 102 657 40
query 372 811
query 450 584
query 214 605
query 811 894
add 139 299 -744
add 152 181 -435
query 809 941
query 320 574
add 312 356 424
query 77 212
query 132 772
query 403 567
add 362 876 -887
add 645 992 -615
query 424 687
add 4 604 416
add 177 771 507
add 480 530 489
query 149 564
add 27 424 435
query 761 911
query 691 710
add 83 256 -280
add 23 258 -810
add 368 690 211
add 54 291 -523
query 14 330
add 54 156 665
add 710 962 420
add 235 354 269
add 275 817 187
add 16 332 324
add 338 953 -712
add 102 719 2
add 250 615 616
add 639 737 -292
query 54 89
query 365 577
query 646 699
add 87 864 720
add 42 679 565
query 15 393
query 208 553
query 457 554
query 380 500
query 349 995
query 551 966
add 216 578 822
add 416 633 -355
query 293 943
add 37 149 769
add 670 995 19
query 336 765
add 859 934 -967
query 526 962
add 324 615 523
add 84 490 264
query 506 675
add 317 816 -588
query 545 749
add 931 990 641
query 826 907
add 323 476 404
