37611 44370 86525 65712 84183 7475 8782 79067 11215 69974 92441 83477 13515 12531 51574 81235 81597 82377 91075 88703 38964 69433 32201 82346 2275 65281 26957 5917 39042 2321 67752 56494 81299 14082 15218 41618 59460 44263 61610 2615 69849 26028 5375 37835 22946 42796 9858 83511 20877 18896 60822 54606 27391 50304 8775 18082 31808 973 65447 50339 17010 44977 82279 61471 16946 71697 45992 52156 48963 20039 42399 70784 64433 54656 50570 14956 30419 28604 96127 81562 25696 7989 36386 3213 51329 65043 5234 54847 82317 37544 11582 97172 57296 64440 12212 6009 30622 50002 58712 70919 38276 93382 43174 24304 40943 75618 11108 2194 67993 94867 76633 60396 6197 59653 21614 5116 71730 29866 81353 78161 12270 15517 46590 92934 17987 74471 82417 29952 13240 71897 13219 56786 17717 9435 41230 19791 46704 63937 59005 44052 89791 7678 77206 70808 94433 91079 8104 86741 81753 28194 79710 83940 53447 45248 87821 5379 64347 18172 61745 79003 96334 51179 74269 11477 43465 32383 59337 45940 11254 73748 94173 36645 78545 16324 50995 88062 81295 48152 95770 75544 64066 24101 29197 50213 41173 3002 23211 78062 69044 30198 60472 72725 85500 9427 45728 70272 71471 18477 96702 18276 50463 80332 15450 66833 79401 5756 79303 31061 14153 91218 52321 9743 33982 54117 13745 30521 39869 77572 16718 58825 74224 69680 95554 47272 18517 58355 324 60812 35790 95142 70136 82320 94527 96797 3524 8866 28710 86900 75882 57772 37232 74173 94869 66995 2515 89021 27171 77829 3685 50759 41697 49829 77510 70478 78564 21876 25151 65020 28120 14153 3639 95048 38567 70638 16703 1912 77389 77167 28567 2756 39492 90201 7975 42816 83399 6738 87726 83959 72881 79975 33790 63151 82652 17244 14001 40989 62305 71747 26305 22744 71690 22533 34549 36106 36786 38817 4237 74127 74053 34983 12499 55918 16342 13274 65253 12939 30760 73176 29606 74126 48575 19020 79451 53835 52943 27739 99048 27749 12704 89568 28504 38496 29717 85019 88391 92750 9621 26174 7875 15565 7860 3157 7686 76676 95954 59381 57758 16620 92749 39090 4352 41761 55191 53919 2951 51555 52123 53901 29736 62816 98340 33920 53957 15997 95050 50958 1368 59949 63748 81557 78418 15036 26444 80417 36595 97727 97026 19836 83042 62433 42776 57772 35193 48767 44175 71929 9259 17211 31316 76265 79909 37379 22553 96729 85345 33767 47592 778 52926 71292 17146 14135 64024 3445 77285 28752 35186 23075 9280 41520 12949 68684 71819 18458 77172 37573 14389 5656 59307 33695 36151 67401 18312 88392 44647 15991 9846 24050 88502 68200 61253 95595 8469 53772 34298 77832 66540 31336 43023 69718 28009 41403 96385 81588 95871 93704 8783 61630 49572 5596 463 4688 43416 37240 6187 3398 61773 58566 67983 69989 63850 56853 26065 82628 95071 8412 82265 54120 17865 98758 61153 2153 78192 24130 41482 89432 80814 22868 45637 42897 50146 12845 68544 36121 72481 49301 36856 67667 42317 31828 7813 66784 28075 92406 17906 56509 25986 77386 66046 26795 8832 42000 18863 89101 99243 72675 84952 63482 70117 419 67173 97293 3005 48831 82635 19331 90573 62493 9614 50039 37666 35060 85945 53076 35213 82731 51974 29254 43291 86517 15130 28951 62206 2746 11143 69135 6410 7342 88073 18191 56829 13223 89945 324 95168 83428 77187 44899 84811 54838 26340
519
add 130 190 856
query 446 528
query 236 349
add 78 489 -113
add 4 478 640
query 312 531
add 347 456 -401
query 51 231
query 439 487
add 18 258 -17
query 102 433
query 201 446
query 137 500
add 0 226 469
query 40 324
add 166 433 103
add 115 381 336
add 286 339 -194
add 396 498 884
query 281 492
query 58 80
add 210 477 -373
query 394 529
query 152 256
query 266 463
query 56 323
add 34 539 -484
query 132 365
add 335 452 525
add 310 444 612
add 209 333 373
add 184 353 -270
add 64 528 -730
add 138 256 841
query 164 214
query 2 85
add 116 424 -789
add 352 376 431
add 198 203 375
add 90 269 513
add 451 476 -345
add 500 514 269
query 70 193
add 296 436 277
query 250 514
query 327 514
add 113 159 13
query 38 374
query 122 475
add 96 276 156
query 408 473
add 324 410 403
query 226 470
add 157 273 484
query 257 519
query 328 446
query 92 200
query 267 366
query 183 343
query 69 202
add 148 211 128
add 293 415 414
query 170 407
query 451 523
add 436 523 -386
query 154 327
add 417 421 -503
query 58 187
add 102 183 893
query 7 145
add 356 457 -418
add 92 377 148
query 281 427
query 266 480
add 382 462 286
query 368 411
add 16 312 -289
add 154 212 -893
add 427 538 -809
query 19 243
query 164 496
query 219 350
add 311 492 423
add 201 298 -389
query 280 367
add 213 250 -985
add 48 351 -3
query 103 368
add 336 428 -520
query 170 538
add 74 372 54
add 46 407 -790
add 420 429 -200
query 63 289
query 217 439
add 113 486 -154
query 421 511
add 378 516 -465
query 207 281
query 277 471
query 493 540
query 145 165
query 74 452
query 313 439
query 109 341
query 53 127
add 298 357 274
add 25 363 -245
add 170 328 792
query 151 400
query 99 452
add 221 299 548
query 263 437
query 16 170
query 330 423
add 139 469 -140
query 309 524
query 301 494
query 263 326
add 242 255 -481
add 217 431 334
query 296 401
query 96 523
query 56 109
query 178 327
query 202 450
add 334 448 -394
add 282 285 -75
query 249 380
query 49 435
add 350 423 -306
add 176 525 -924
query 62 326
add 42 463 -490
add 267 330 792
add 182 516 -557
add 84 285 297
query 436 482
add 261 417 -495
add 72 505 400
query 104 353
add 191 434 -759
add 102 523 -441
add 339 540 -476
add 515 528 289
add 299 477 -947
add 112 299 117
add 243 311 -519
add 122 400 -552
query 80 447
add 124 467 -981
query 58 515
add 89 244 -801
add 410 465 -532
query 66 174
add 231 429 464
add 232 488 769
add 248 361 -590
query 405 427
add 279 529 848
add 143 196 -194
query 35 104
add 47 497 491
add 86 166 -837
query 23 286
add 104 529 151
query 25 432
query 362 530
query 2 307
add 143 300 337
query 68 155
query 339 441
add 185 460 -979
query 75 89
add 130 303 -17
add 433 491 -860
query 287 299
query 83 186
query 81 501
add 7 38 665
query 311 476
query 193 219
query 90 501
query 129 537
query 207 452
add 119 287 -831
query 133 481
add 367 500 825
add 0 438 -391
query 98 190
query 358 392
query 18 307
query 96 441
add 124 478 -157
query 264 391
query 203 263
query 405 489
query 101 489
add 238 298 -125
query 233 522
add 19 295 320
add 417 449 290
query 107 154
query 316 414
add 233 483 -484
add 0 231 -846
query 125 169
add 132 271 458
query 61 442
add 123 188 573
add 259 413 -257
query 23 327
add 22 497 -214
add 50 479 -196
query 16 185
add 0 495 -118
query 28 95
add 97 323 479
query 240 400
query 127 310
query 262 399
query 388 391
query 427 538
query 40 331
query 167 417
query 467 506
add 405 471 -188
add 100 193 298
query 405 471
query 399 405
query 225 317
query 292 496
query 152 487
query 453 502
add 138 494 326
add 217 256 74
query 269 481
add 285 447 741
add 39 405 -513
add 111 422 -837
add 104 463 547
add 83 224 -917
add 77 446 625
query 170 424
query 179 458
add 217 256 -395
add 31 518 158
query 355 427
add 321 370 67
query 439 522
query 190 380
query 31 330
add 124 489 8
add 86 415 -109
add 55 496 474
add 380 534 -467
query 45 125
add 214 485 319
add 246 442 68
add 217 332 -997
query 315 380
query 14 508
query 211 521
add 7 203 350
add 289 454 -72
add 459 474 -212
query 198 528
add 313 392 865
add 328 501 -707
query 191 399
add 10 516 315
add 268 500 -777
add 448 507 -744
query 74 367
add 375 473 702
add 184 195 359
query 186 442
add 154 176 -104
query 59 124
add 119 361 -300
query 84 254
add 226 244 430
query 316 487
query 396 514
query 384 423
query 24 140
query 202 401
query 428 490
query 297 313
add 24 522 606
query 57 508
query 79 471
add 19 358 -263
add 189 222 800
add 12 51 -143
query 86 430
add 222 283 -914
add 473 505 289
query 215 263
add 128 457 313
add 299 523 405
add 291 321 -71
query 19 42
add 216 332 422
query 53 273
query 450 482
add 213 421 62
query 185 281
add 373 455 -998
add 28 250 -551
query 39 203
add 73 118 656
add 63 358 -86
add 212 249 340
add 206 278 -288
add 41 259 163
add 22 301 -929
query 54 387
query 202 524
query 128 424
query 393 486
add 55 384 40
query 295 399
add 167 283 -784
query 155 451
query 483 528
query 155 159
add 38 89 -838
query 18 319
query 292 363
add 194 466 507
query 241 354
add 164 480 -183
add 123 326 822
query 166 247
add 45 125 -951
query 200 379
query 76 155
add 294 478 13
add 192 292 -814
query 114 363
query 403 476
query 473 527
add 158 476 641
query 271 466
query 155 279
query 497 540
query 217 308
add 47 539 -984
query 264 302
add 33 80 518
add 8 378 -631
add 342 363 -656
query 276 476
query 1 262
query 19 51
query 134 497
add 122 236 -321
add 2 143 -216
query 511 530
add 49 520 -134
add 18 238 704
query 145 256
query 75 160
query 85 278
query 145 257
query 30 197
query 123 261
query 250 514
query 177 262
query 95 225
add 41 202 232
query 35 143
query 350 408
query 342 454
query 383 484
add 282 296 841
query 355 501
query 431 458
add 196 521 -711
query 214 303
add 177 281 848
add 192 540 532
add 4 320 -148
query 238 292
query 184 258
query 76 123
add 52 161 -508
add 197 373 190
query 212 408
query 222 484
query 46 170
add 454 511 -223
query 289 454
query 198 306
query 181 472
add 23 70 151
add 110 247 -937
query 137 173
query 80 399
add 167 477 748
query 478 508
add 199 480 -710
query 133 193
query 57 389
add 26 309 530
query 37 79
query 234 501
add 320 492 -175
add 10 201 752
add 313 378 321
add 255 496 831
query 429 477
query 166 257
add 184 370 -23
add 84 304 -924
add 119 443 -571
query 30 414
query 129 360
add 421 492 572
query 26 92
query 109 340
query 285 324
query 89 230
add 32 495 -373
add 409 486 70
query 53 415
add 416 503 -625
add 51 256 -327
add 229 252 -732
add 307 477 -314
query 26 470
add 142 470 -650
query 193 241
add 81 260 -251
add 131 514 -101
query 110 166
add 166 275 -855
query 106 163
query 185 200
query 44 264
query 60 118
query 82 319
query 99 399
query 321 432
add 232 481 -714
add 314 505 195
query 407 460
query 67 79
add 15 276 446
query 70 161
add 191 433 -822
query 369 420
query 134 534
query 235 484
add 28 364 -936
add 223 323 -918
query 198 409
add 35 177 -860
add 219 418 -730
add 396 444 977
add 109 506 471
query 182 507
query 158 459
add 378 535 116
add 6 140 -642
query 159 334
add 60 409 565
add 265 356 276
query 483 502
add 46 108 46
add 91 162 -696
add 128 219 423
query 97 505
query 168 506
add 430 458 -831
add 229 451 207
add 261 375 734
query 525 537
query 30 405
query 234 424
add 29 487 547
query 392 537
query 285 388
query 0 306
query 223 511
add 80 173 913
query 358 487
query 159 187
query 141 539
query 95 451
add 29 501 -714
query 132 385
query 246 537
query 226 354
add 348 413 -949
query 19 453
add 62 353 2
add 123 508 133
query 2 276
query 297 498
add 363 492 -232
add 39 244 -519
add 106 289 512
query 95 140
query 317 413
add 399 505 257
query 78 474
add 408 535 524
add 276 525 801
add 127 396 515
add 399 525 -123
query 162 348
add 47 93 959
query 114 435
add 9 266 -189
add 44 503 343
query 35 413
query 439 509
