35096 15022 79522 86292 54785 64773 84577 45927 94099 82797 75549 94538 79368 77827 30058 33011 45250 43368 35601 75675 43704 43435 58284 86489 43668 67274 24507 6428 88027 86913 83396 90591 20026 23782 33679 75755 64163 86914 42413 54248 60715 46285 23120 79760 73488 46875 69637 89329 7786 68009 36222 22609 86677 57504 46100 40215 86159 77078 68197 54305 82275 98414 32697 42810 32724 90240 93717 15820 61363 26404 42871 28461 3537 40848 30478 21776 97367 44623 85137 53425 18941 50563 97975 53707 33825 641 86407 81137 51143 7083 67337 72038 70679 55572 85416 35312 74899 93552 74471 95727 36653 45892 91587 18581 82004 71371 44134 49409 67613 75306 90729 48847 89608 36114 25990 26648 48192 68842 18207 1468 87294 90055 17361 26524 26156 31189 16038 45242 62194 11418 66655 96413 7313 95485 2637 14422 38415 58030 60169 79397 92878 82983 53426 53048 18652 71196 32072 77663 43744 30123 35267 92431 49490 89734 99645 41650 52606 31372 41775 22679 40141 29847 14314 44106 91512 23350 81629 7036 1045 19116 98338 57246 25165 47393 43242 45857 80393 27984 83209 91980 54968 46885 47988 7557 35665 48438 59568 69954 5916 80223 75605 22407 31789 66035 48056 27302 97794 20731 27473 24274 54502 3024 53393 64356 2644 66854 68192 60583 51279 27596 63551 81906 92122 39359 41648 83600 68569 85692 61298 82270 475 80845 21748 82704 67521 37673 81390 29979 53139 39121 60726 38222 2423 8371 17442 72169 28310 3761 55777 95292 31009 25095 23826 27443 92085 17062 17184 98131 752 76531 49675 19844 96528 8252 35069 52865 27403 35579 51958 74573 83568 32984 85026 76533 44438 35168 54621 35616 14295 14894 85070 42180 63367 21406 94369 15815 23975 78878 78366 82314 7586 67396 89892 63020 65307 29139 26921 55841 23583 54408 22310 60743 17032 76995 14487 45237 38158 51477 46199 4996 37021 79728 96979 13870 97672 53363 95606 60310 29441 71064 28738 86866 14967 82467 6313 29443 79248 98055 97483 4784 60163 26300 77581 24786 33793 85987 91803 55088 49139 66872 59110 3534 2423 64231 25364 36776 28562 54161 95793 69243 32589 16544 9164 63473 97025 35188 13210 15522 28869 956 89687 10948 52060 92232 96761 27503 49308 34713 29069 53641 72919 84397 18557 9479 34679 13410 23447 29144 40462 82329 47922 37847 56498 89906 34930 39461 479 66841 15348 63274 75713 78910 75487 4750 31714 63970 93434 53305 69031 62784 46746 20261 31996 95708 21710 69269 54967 469 55022 57576 59317 98591 15171 9687 30743 8639 87932 63633 2362 56103 20604 15455 7921 21128 18003 51953 15084 54803 65188 57907 74803 55174 78353 66432 81906 50875 90481 33611 93535 15842 25418 47378 33310 64282 77579 13423 97366 62535 67831 73315 96763 43440 2084 55498 42350 48689 96674 62653 46295 82888 44206 26619 37744 64834 2245 36631 17319 26021 62809 1514 75989 87770 42157 87968 28190 30068 21035 67997 96984 13620 22147 76126 50404 70592 42391 37227 57844 43783 79469 40471 80259 44762 95748 38184 66444 28998 30763 54111 66124 18189 71555 76906 6056 41280 68763 96349 39899 71646 49184 93791 64473 58718 32749 35988 93472 93718 34933 17117 90972 61115 68904 44532 96949 56104 64995 30099 8798 25251 90306 20094 55594 36037 53810 86508 75199 95482 29348 70003 75380 28124 75324 17797 23995 51022 41982 41067 24219 73861 24214 63601 72644 65418 41348 50762 9163 79870 49783 96582 15247 48286 11214 84747 30249 3311 16573 30946 2036 26300 49006 40038 77326 61467 41067 90205 68688 30399 90353 85445 24141 92887 88989 82717 59179 1961 95150 41476 71207 54835 95747 8132 70036 4102 74511 67586 7682 18460 96025 74774 38184 5342 73811 37972 12016 87361 2130 63351 66102 59667 50389 83888 33877 71418 38393 86527 81356 5669 94393 20569 1139 4081 28951 16424 54233 51333 59953 26282 19827 44039 49728 70620 23723 56175 66056 42126 58923 56368 84106 20070 82206 66248 12397 82045 53138 14052 91993 31476 79914 64877 8451 64060 40700 85209 1427 52639 21848 51539 37895 48246 72538 81623 41681 37618 79675 61513 28975 84475 48929 34679 34691 11038 30515 23220 53955 39980 19962 98704 12896 46921 93025 35505 16129 66096 24939 2724 67610 5385 8710 27147 66377 48872 21751 4924 60633 31659 33157 57830 13154 84851 10117 67060 10189 6478 42679 68271 72291 40495 11562 78886 13251 73473 79037 26767 82117 25522 50537 32179 92465 93156 80551 89016 5648 50713 82554 91883 98969 94408 25748 60285 31160 22866 95067 63774 89015 89709 38805 10638 22554 51405 41777 91849 19841 90377 12441 94409 39988 47469 49917 65786 75046 66221 85259 12563 31292 32973 83405 88229 68816 62812 5197 91956 69622 39940 69317 98567 26517 89553 46768 65542 90699 90453 77451 81937 78598 38651 32728 77430 66576 82122 39321 49617 62581 1687 16290 40024 86483 85061 71069 67843 98804 40777 90742 89366 80930 94647 48859 58136 25526 91667 13237 29990 45465 33032 15233 45310 48553 45456 74361 80573 18662 9779 88484 66966 90757 26017 76621 50818 23837 79169 35905 18810 53989 77860 16666 6719 50782 58573 93910 92262 57066 41322 64267 66705 88022 60327 80615 77003 75878 82737 5043 85097 60673 74108 16817 39235 10744 52446 21360 17378
654
query 320 527
query 149 297
query 530 741
add 14 831 579
add 349 358 221
add 356 707 294
add 174 706 -630
add 261 683 -48
add 649 775 942
add 256 257 28
add 564 716 20
query 244 641
add 359 647 -412
query 117 612
query 6 88
query 670 701
add 481 731 863
add 307 365 847
add 462 816 546
query 17 815
query 105 212
add 67 391 318
query 647 693
query 81 351
query 190 288
query 121 728
add 376 687 -955
add 73 740 512
query 175 836
query 191 480
add 284 397 -77
query 13 788
add 327 665 78
query 48 375
add 492 574 -534
add 299 376 -403
add 264 697 -296
add 585 796 -542
query 435 564
query 406 560
query 232 649
add 209 588 -944
add 375 477 794
add 359 743 -141
query 117 299
query 5 500
query 345 349
query 56 518
query 93 235
query 428 739
query 694 708
add 406 772 982
add 201 474 709
add 478 589 -613
add 613 683 726
add 399 504 489
query 636 826
add 43 62 269
add 114 678 446
add 474 608 -146
query 45 230
query 46 798
add 419 760 -743
add 51 289 -147
add 643 677 605
query 185 514
query 153 354
query 125 782
add 287 515 620
add 185 679 -632
query 176 482
add 20 177 -95
add 12 234 -850
add 711 799 368
query 153 166
add 646 737 -530
add 196 400 -817
query 124 367
add 300 528 708
add 76 681 963
query 270 406
add 265 452 178
add 299 556 324
query 502 798
add 52 81 -504
query 490 608
add 522 618 -183
add 726 791 -231
query 583 697
query 79 810
query 208 344
add 21 824 -799
query 189 485
add 380 692 825
add 142 503 -894
add 227 814 -910
query 26 406
query 168 215
query 340 770
add 338 346 145
query 382 446
query 45 624
add 176 181 -389
add 539 665 229
add 517 827 530
add 478 820 -288
add 276 828 824
add 645 833 110
query 105 265
add 41 292 -174
add 179 217 -518
add 422 493 194
add 461 659 687
add 258 385 -583
add 345 522 -368
query 151 370
add 125 265 -505
add 153 767 869
query 95 835
query 275 704
query 39 471
query 130 282
query 137 165
add 269 557 -615
add 310 699 -559
query 194 416
add 164 347 700
add 100 409 531
add 531 661 -27
add 458 590 -372
query 282 445
add 228 629 -308
add 202 379 -26
query 123 392
query 376 726
add 395 603 -943
query 354 696
add 343 557 661
add 70 691 83
query 58 729
query 364 795
query 638 653
query 51 665
add 200 556 582
query 194 222
add 150 449 990
query 304 679
query 439 450
add 418 829 -665
add 318 371 178
query 0 744
add 606 683 529
query 166 621
query 613 645
add 25 517 307
add 245 653 -506
query 129 464
add 157 607 -757
add 633 636 -250
add 198 692 -617
query 388 822
query 90 143
add 89 577 -10
query 43 615
add 60 112 1000
add 118 755 599
query 174 596
add 276 721 399
add 105 630 -459
query 156 581
add 156 651 749
query 472 525
query 239 657
add 116 621 304
query 424 681
query 321 615
add 160 192 112
query 195 832
query 309 536
add 270 573 -452
query 86 607
add 473 552 -840
add 87 107 -137
query 490 830
query 451 728
add 122 199 244
add 359 400 -417
query 102 662
query 163 405
add 378 507 172
query 405 447
add 360 636 -465
query 87 164
query 212 261
query 42 446
add 108 482 318
add 7 249 52
query 195 481
add 454 727 -184
query 733 762
query 290 755
query 26 531
query 132 835
add 116 326 361
add 527 713 -696
query 338 701
query 173 446
query 295 483
query 280 815
query 46 506
add 452 537 -116
query 419 769
query 12 83
query 542 792
query 311 333
add 202 660 -154
add 333 431 -231
query 46 560
query 295 543
add 563 564 -86
query 334 756
query 321 735
query 543 584
query 48 202
add 60 300 -93
add 85 738 685
query 36 94
query 0 299
add 335 502 858
query 14 82
query 480 812
query 18 294
add 515 625 674
add 616 773 666
query 6 120
query 713 758
query 213 427
add 23 127 205
add 321 364 -632
query 526 531
query 22 406
query 102 265
add 122 718 -409
add 282 317 209
query 253 480
add 765 777 -564
query 668 834
add 174 458 724
query 357 558
query 552 811
query 331 733
query 273 392
query 32 419
query 380 821
add 14 827 39
query 414 480
add 546 629 888
add 113 459 806
query 107 298
add 369 643 -294
add 163 474 -193
add 195 328 981
add 86 780 477
add 30 255 427
query 521 620
add 8 602 -794
query 598 624
add 109 779 -85
add 260 572 -267
query 428 773
query 369 674
add 432 785 -378
add 101 810 701
query 112 458
query 41 177
query 443 717
query 699 797
query 349 807
add 196 426 -946
query 447 466
add 315 472 825
query 193 544
query 605 644
add 327 457 -314
add 123 742 -159
add 225 496 -190
query 323 535
add 176 564 -142
query 278 591
query 428 673
query 231 421
add 82 241 579
add 137 629 -547
query 259 610
query 226 535
add 385 712 -786
add 98 367 427
query 57 682
add 73 691 514
query 379 501
query 390 684
add 351 361 140
query 14 339
add 391 769 -726
query 287 665
query 625 775
add 221 649 103
query 300 466
query 6 369
add 46 204 29
query 416 696
add 19 413 613
add 67 590 854
query 125 790
add 300 403 382
query 466 575
query 478 566
add 503 555 349
add 49 423 -671
query 162 231
add 37 386 -232
query 37 493
add 41 782 -766
query 685 786
add 132 297 406
add 174 740 -865
add 374 786 -220
add 97 400 -276
add 399 420 -700
query 69 562
add 360 601 322
query 560 725
add 160 298 -831
query 484 710
query 31 618
query 355 698
add 345 404 -276
add 366 821 985
add 194 280 -89
add 374 696 -559
query 70 514
add 341 833 215
query 170 316
query 664 718
add 513 656 765
query 129 267
add 483 558 -623
add 278 636 -117
query 349 830
add 146 509 459
add 765 801 716
query 512 673
query 359 830
query 365 760
add 44 336 559
add 205 236 5
add 158 601 -389
add 105 384 -37
add 157 271 762
query 157 803
query 52 133
query 87 584
add 146 567 -934
query 276 831
query 359 769
query 548 835
add 209 822 -336
add 778 837 -120
query 339 414
query 429 649
query 127 516
query 187 597
add 271 368 -398
add 111 708 692
add 651 653 570
add 292 685 -998
query 101 131
add 512 524 -411
add 258 539 -577
query 45 161
add 99 302 -363
query 564 789
add 130 346 584
add 141 755 -309
add 440 511 386
query 394 744
query 214 738
add 435 520 151
add 541 765 -459
add 394 644 268
query 287 399
add 81 93 -218
query 574 769
add 180 778 -764
add 444 574 645
add 307 742 73
query 141 461
add 598 680 -582
query 250 436
add 245 276 -697
add 47 465 -247
query 137 238
query 106 187
add 94 659 171
add 383 654 692
query 58 168
query 316 745
query 195 266
query 505 557
query 215 225
add 256 764 -348
add 339 739 278
query 236 293
query 462 785
query 366 677
query 133 814
query 429 683
query 192 292
add 461 497 723
query 197 396
query 394 522
query 238 588
add 192 250 -300
query 49 743
add 270 383 176
query 280 470
query 0 399
query 244 461
query 518 524
query 79 607
add 96 733 -613
add 762 804 74
query 447 659
query 28 105
add 255 742 296
query 579 736
add 246 648 355
query 355 744
query 30 630
query 221 710
query 106 367
add 36 807 -211
add 312 465 590
add 114 116 -607
add 312 530 598
query 249 284
add 250 784 -949
add 334 335 495
add 253 600 593
query 7 175
add 241 364 -933
add 464 515 311
add 670 790 278
query 628 752
add 424 596 952
query 117 221
add 605 796 797
query 98 402
query 167 194
add 214 606 581
add 335 486 350
add 177 593 482
add 104 464 689
query 389 756
add 413 472 -667
add 22 715 -277
add 555 685 931
query 14 377
add 157 224 365
query 177 528
query 162 658
add 141 761 399
query 156 230
add 48 412 327
query 99 285
query 95 771
add 213 513 -486
query 223 665
add 275 351 153
query 356 621
add 27 432 -204
add 166 764 -832
add 507 621 551
add 381 759 112
query 439 733
query 293 341
add 79 188 427
query 434 512
query 118 207
add 226 285 -251
add 219 534 266
add 5 696 449
add 210 641 -908
add 424 525 475
query 167 821
query 380 387
query 347 391
query 287 592
query 263 378
query 671 759
add 400 588 -906
query 461 575
query 128 143
query 36 167
query 439 797
add 636 664 -987
query 272 290
query 108 694
add 439 581 -237
add 365 529 -146
add 128 708 407
query 145 398
query 771 835
query 431 782
add 573 597 -537
query 187 837
query 59 345
add 509 601 965
add 208 532 -304
query 146 306
query 511 513
add 92 109 -329
query 635 780
add 487 487 -440
add 568 640 803
add 85 479 -68
add 748 828 836
add 280 810 167
query 321 680
query 462 831
add 157 599 -934
query 254 496
query 121 790
query 382 398
add 380 777 -338
query 535 715
add 156 352 -993
add 59 564 -731
query 104 437
query 168 799
query 560 663
add 243 467 -890
query 243 700
add 589 629 -653
query 413 458
query 464 727
query 347 434
query 111 594
add 570 818 290
query 51 627
add 35 831 -664
add 115 307 -437
query 203 781
add 268 307 -787
query 248 345
query 65 375
query 256 394
add 130 550 152
query 409 745
query 286 619
query 508 587
query 274 362
query 261 731
query 362 811
add 298 648 -480
query 82 235
add 532 736 -663
query 92 211
add 39 285 813
add 818 820 24
add 51 520 -44
query 178 488
query 27 383
query 496 736
add 57 202 -879
query 544 816
add 382 476 -333
query 13 104
add 71 189 728
query 567 648
add 261 346 -599
query 213 471
add 86 295 705
query 626 755
query 220 793
add 686 836 -890
add 7 427 -839
query 176 479
add 143 534 18
query 234 387
query 150 412
add 410 569 905
query 338 492
query 326 459
add 434 635 906
add 807 832 -429
query 64 795
add 384 537 648
query 553 694
query 476 554
query 25 269
query 218 639
query 455 836
query 207 221
query 572 797
add 410 516 -385
query 510 686
query 132 691
query 56 526
query 611 704
add 397 475 -723
query 329 421
query 48 595
query 34 205
query 237 330
add 244 711 -526
add 765 800 21
add 452 587 -378
add 52 256 -318
add 388 408 471
add 77 804 -267
query 133 349
add 198 291 -590
add 483 634 -403
query 286 348
query 96 522
add 539 703 -723
add 415 594 448
add 44 56 345
query 90 439
query 314 440
query 293 786
query 374 752
add 295 656 -303
query 194 448
query 549 765
query 5 614
add 559 571 842
query 439 561
query 209 319
add 60 789 -507
query 101 282
query 505 528
query 156 179
add 71 232 -528
add 656 721 -825
add 2 787 -985
query 84 163
add 294 778 724
query 452 729
add 94 782 -935
query 411 811
add 153 590 720
add 241 500 -389
