7774 1079 3275 3495 8316 14385 3877 17406 31880 279 3731 25497 16197 25206 17143 15652 19905 26607 6405 7121 21106 11762 10232 13378 132 26570 12163 31401 8562 1754 12811 9262 8404 26406 32531 22417 2680 9493 16888 20752 11955 117 26846 32139 24825 28863 30698 20710 1196 20124 7346 23471 23602 13993 5617 25600 20042 2423 17280 1447 5536 11479 29313 7557 3743 29268 14813 1076 6022 18176 31474 23533 14014 4212 23173 30120 31595 23314 17918 4484 19521 15757 22740 32362 6296 5548 13894 23789 8131 586 11084 2421 17054 16034 11469 29085 4967 17097 1554 22745 6095 19836 19323 20572 29008 15132 25968 26169 24512 19959 18331 20424 21031 19401 10324 4939 31182 5251 19549 29905 5016 5706 15056 10843 23445 17091 27989 6974 24277 27022 20632 11976 8058 7184 10491 28198 16145 32374 12168 32133 8995 10742 31529 12408 18438 1112 2587 15770 13817 12470 32672 21876 19569 32128 27124 8353 22445 29634 9347 26927 9360 27562 10841 29513 1712 19013 27866 18707 1195 19593 691 32214 7866 920 17168 11357 25480 26179 8464 13471 18244 7117 23413 31902 28916 25586 21665 14478 29197 16424 9918 32314 7233 16933 18492 10148 27033 9121 21632 18667 10947 2909 19674 15730 28589 9060 26040 4159 24147 25745 13338 17313 27605 15185 20294 15382 11212 27050 15037 21099 10718 19069 11373 20773 400 23048 808 24864 10332 10158 341 10614 7684 5371 8166 9890 30501 1507 3466 31974 30223 26186 11811 18922 9684 10442 11898 14757 11167 8880 49 25216 16967 26951 20986 11449 5156 5210 22535 18694 26402 2548 30914 31356 20243 14186 12733 14254 23114 23451 18668 26393 27749 18039 7698 15040 15210 12734 12409 28435 8982 5898 11494 28949 17009 10000 6092 12222 6054 17955 26560 7326 3602 12794 9261 8132 12955 13490 23625 734 579 2326 2631 6050 1788 21535 14031 7532 14015 22455 28843 10792 18648 17090 27843 6770 30084 16991 25163 19708 21437 14443 30523 11568 18773 15176 20735 20759 16706 17116 7536 11898 7225 9948 10244 11079 3966 21066 20289 3381 26106 20540 28280 3243 22414 5600 4015 3807 27303 11709 31199 19259 5138 10299 28512 24580 2322 30054 12449 6717 30640 3055 5916 29897 6483 371 23689 4817 21392 30720 25170 14693 23363 1238 3400 3174 3551 29802 2452 4771 29954 4017 2800 17730 10317 18074 23831 11874 370 25565 22649 23294 22158 11763 3892 9236 11962 6501 17984 4871 9436 28746 3817 25923 27844 4875 5251 29471 11892 13930 29273 32263 11198 17091 9702 10714 25621 14481 29000 9617 10909 15923 16881 18210 25220 15089 28576 7843 21909 9018 26511 17587 22794 23087 6126 26646 13474 19558 12177 24223 32756 10215 1510 15699 27139 21883 16169 15307 7954 5927 219 26330 16570 28659 19056 26224 9273 14575 17992 23230 19213 1912 9952 5275 18882 18616 25674 11559 4360 13932 28122 16558 19720 2282 9251 20687 20216 2658 12065 4573 13549 28516 1208 10117 17393 6306 13149 5297 10326 8696 17684 25261 4170 25257 20122 17288 21675 17132 32483 13246 9244 2727 17095 24339 25688 3450 20728 19650 15814 22527 12855 5847 1358 16976 6599 12506 30828 3018 8738 429 32642 25617 16876 21687 27251 1364 3365 26179 23405 17363 5794 3874 21510 13982 1470 21400 6283 23967 13389 22902 23956 26842 26833 2435 29660 1268 241 24608 26192 20722 8230 12588 15974 24900 14008 25382 25264 29698 29929 26001 17329 14965 32367 26269 19183 23513 29224 3075 16457 5473 6666 13105 6539 7036 22361 31911 26688 8279 7964 9889 22984 9123 6865 31478 32170 28568 16736 21568 17963 26426 31822 32317 30495 2523 11571 30069 30463 20449 10094 18973 13884 17609 29207 10812 8403 620 26165 22284 20002 29057 32049 2467 25337 29540 25483 2770 23029 22806 9164 590 9737 19332 32188 16653 25438 2316 15828 2803 2653 7229 10486 9134 22794 28638 20572 8927 26259 25650 25039 21370 5416 18811 18457 8815 22030 25533 12220 24714 29679 23492 17380 23447 22389 16744 14235 4811 31255 784 28476 2655 31538 32373 24106 638 2907 3753 27841 5473 8692 15191 31373 185 12541 27980 20666 7757 19245 19510 6348 20452 28737 10668 11153 25189 29589 7535 19539 11325 12529 14064 9297 27393 933 26642 4721 9300 13272 3376 9007 3596 19997 13922 17625 16784 6471 5628 3070 16004 7807 14424 7204 169 30611 26838 2233 11518 22417 26656 16972 6700 405 22451 25597 14368 8671 32411 30002 6906 15656 19325 29580 11558 10806 14299 14618 19656 18863 28820 4812 22622 28715 26538 6954 28321 13964 13128 11589 26027 9362 24068 1006 15711 27050 3169 22823 4358 6151 7064 6615 19510 5620 7576 450 9976 14697 22091 13239 11561 16860 7707 8715 21793 9305 19893 23367 27027 24021 5900 3870 19124 16320 28577 24482 19104 27353 28675 21175 10489 27718 19601 30663 29137 12516 19335 5559 17354 17116 23609 29978 16763 1399 13209 6821 12822 25395 4607 1507 5448 8726 5674 18474 11873 21058 16770 1998 19125 2762 4511 17300 18242 26820 21263 27242 6547 1183 4436 6997 24548 20919 18477 8618 15494 7207 14871 385 133 6366 4114 10343 27017 15350 9896 5715 30458 18753 11308 4828 6759 21284 29760 17064 18217 7080 9369 12584 9539 3022 7943 8834 27533 13603 19631 16847 9490 4501 11931 32647 26038 30085 22390 13369 12828 26653 12944 23424 7878 21988 15401 31538 27262 20879 3819 2778 6133 22299 27320 28521 19115 17688 6310 24360 27406 72 20552 16881 21990 30056 560 24991 6896 27982 11185 32451 3785 26420 6122 7577 13326 27988 12799 7994 16322 6069 19626 31506 15600 12612 755 11413 5009 13094 5691 10542 30383 2637 28031 29304 32203 23369 6619 6321 28029 14433 1101 16748 29530 32227 10428 1669 22810 18616 569 16730 29435 15163 3204 5688 19808 1100 32466 21524 23998 23711 9165 31868 15032 28250 29405 1997 8073 23264 20134 14757 16035 21223 3282 6555 10133 29905 11024 25646 17458 25913 21852 2044 12528 21964 8578 821 29838 28250 9181 13646 23290 19500 16741 30970 30577 2969 25321 6742 4584 4052 28056 32099 939 32008 9414 2234 18244 
1000
add 362 764 -286
query 134 337
query 161 310
query 548 886
query 212 363
query 231 289
query 738 851
query 264 605
query 82 884
add 743 940 860
query 660 800
add 194 264 305
add 211 545 921
query 392 867
query 401 966
add 238 535 285
query 688 831
query 572 576
add 442 736 -841
add 284 854 334
add 314 635 -801
query 72 74
query 166 425
query 320 415
query 265 545
query 168 245
add 470 493 733
query 73 457
add 37 580 568
query 165 204
query 307 804
query 297 913
add 302 724 739
query 16 84
query 355 699
add 225 334 -640
query 440 451
add 196 557 -500
query 70 446
add 449 714 528
query 575 585
query 183 411
add 213 937 386
add 92 282 -729
add 530 740 -733
query 315 620
query 419 419
query 164 841
add 513 785 -940
query 29 49
query 953 992
query 22 771
query 463 605
query 471 981
query 409 475
query 778 986
query 357 531
add 18 677 -37
query 531 891
query 276 771
query 516 763
add 445 822 635
query 377 412
query 415 855
add 591 859 -296
query 269 301
add 130 391 -304
query 917 986
add 246 319 -700
query 469 930
add 716 933 -132
add 728 914 421
add 97 393 742
add 111 177 -250
query 172 797
query 842 979
query 104 875
add 33 580 -639
add 173 393 -912
query 341 972
query 473 905
add 6 220 626
query 141 221
add 80 632 -263
add 733 786 933
add 575 768 508
add 212 468 -809
query 641 815
add 223 568 -670
query 30 604
add 232 625 -488
query 545 783
query 189 612
query 312 636
query 513 871
query 114 247
query 534 580
query 398 549
query 453 866
query 203 621
query 497 742
add 483 862 638
query 385 565
query 73 457
add 324 554 -782
query 333 629
query 301 433
query 513 983
query 323 849
query 79 676
add 499 553 -781
add 145 461 -437
query 12 535
query 317 497
add 676 908 -498
add 587 929 -71
query 258 531
query 11 34
add 61 891 -773
query 517 982
query 41 737
query 32 906
add 220 335 82
add 281 793 173
add 564 674 475
query 13 25
query 238 756
add 487 779 677
add 434 512 -856
query 396 519
query 12 965
add 622 836 -292
query 477 760
query 80 603
add 118 857 -427
query 270 464
add 553 606 478
add 130 430 -668
query 283 840
add 149 650 -922
add 44 225 946
add 133 752 145
add 495 714 -631
query 356 403
query 197 228
add 382 992 632
add 371 657 -133
query 99 777
query 222 504
add 360 715 -566
query 383 778
query 797 937
add 867 948 -747
query 117 519
query 560 978
query 242 608
query 301 857
add 119 460 158
query 246 526
add 68 170 185
add 544 983 -49
add 364 871 394
add 778 949 -126
query 58 698
query 171 284
add 112 204 -156
query 382 449
query 597 991
add 82 939 143
query 135 394
add 517 660 145
add 107 331 -883
query 315 831
query 141 459
query 832 897
query 263 908
query 171 316
add 150 711 -691
query 2 8
add 175 277 -127
query 753 913
query 613 929
query 699 858
query 111 143
query 290 885
query 451 940
query 697 888
add 210 950 -52
add 492 711 -812
add 788 908 503
add 390 625 -188
add 100 507 639
query 594 722
query 137 365
add 18 195 695
query 183 576
query 368 860
query 326 858
add 116 193 -474
add 570 993 847
query 907 998
query 96 114
query 122 241
add 93 554 -317
query 191 669
add 567 925 927
query 244 928
query 838 951
query 118 971
query 17 121
add 28 475 -711
query 145 553
add 126 152 600
query 124 780
add 577 775 -755
query 82 580
add 456 568 -547
query 54 941
query 79 188
query 2 315
add 384 506 9
add 423 607 740
query 591 776
query 125 335
query 237 623
query 408 710
query 439 472
query 25 340
query 145 806
query 509 826
add 191 800 66
query 8 338
query 66 933
add 627 979 -312
add 44 376 354
add 103 655 690
query 720 849
add 729 871 -55
add 159 493 515
add 293 384 186
add 914 924 -316
query 572 879
add 355 366 -654
query 5 751
add 373 626 888
query 49 969
query 260 595
add 360 724 572
query 400 992
add 570 916 424
query 388 799
add 233 943 508
add 800 904 -515
add 47 752 -198
query 245 529
add 371 836 -158
query 155 645
add 191 650 233
add 434 804 204
query 14 162
query 591 632
add 115 745 -433
query 655 728
add 324 545 486
query 36 120
add 301 351 722
query 96 565
query 257 693
add 498 725 -768
query 695 986
query 111 755
add 95 315 967
add 209 893 846
query 519 576
query 481 734
query 324 555
query 666 745
add 355 882 -968
query 460 496
add 189 909 537
add 514 637 264
query 413 725
query 371 402
query 43 681
query 102 840
query 643 937
query 704 974
query 596 870
add 274 868 596
add 632 919 391
add 367 403 399
add 221 692 -86
add 80 254 -343
add 673 711 -717
query 457 959
query 518 916
add 239 963 -735
add 180 397 941
query 22 791
query 205 416
add 207 921 240
add 236 317 611
add 475 724 99
query 491 770
query 227 874
query 532 672
query 481 832
add 178 352 578
add 809 986 -691
add 195 352 169
query 234 244
add 370 847 -951
add 198 569 787
query 802 833
add 218 350 709
query 50 794
add 434 903 388
add 389 678 722
add 282 835 332
query 263 918
add 206 593 785
query 88 619
add 14 946 594
query 28 974
query 236 437
add 298 622 301
add 70 652 -714
query 461 629
add 598 677 -517
query 124 865
query 453 878
query 257 503
query 262 582
query 446 935
add 224 619 -854
add 371 836 -27
add 208 650 35
add 631 835 -746
add 542 917 -338
query 288 296
add 55 870 -361
query 205 479
query 266 739
query 564 613
add 266 340 -59
add 110 365 -523
add 12 593 347
query 308 805
add 478 584 6
query 281 358
add 113 402 -304
query 628 845
add 238 831 -179
query 863 898
query 103 149
add 307 383 -348
query 301 754
add 896 925 491
query 498 747
add 680 909 -797
add 56 967 -315
add 99 216 -617
query 486 516
query 260 714
add 402 972 807
add 554 924 263
query 358 452
add 53 449 -608
query 35 344
query 104 260
query 414 748
query 590 802
query 324 736
query 263 499
query 678 692
query 729 861
add 721 748 -449
query 400 859
add 76 622 -614
add 396 871 -871
add 129 372 -608
add 194 946 807
query 318 840
query 312 786
add 493 561 -703
add 212 306 -626
query 872 936
add 3 213 -297
query 316 448
query 141 573
add 672 697 -574
add 622 909 -34
add 67 600 745
add 25 29 -15
query 642 891
add 44 871 62
query 911 929
add 28 168 -930
add 844 932 -631
query 26 430
query 234 815
add 180 497 72
query 12 619
query 556 795
add 228 457 886
add 89 930 -126
add 220 795 -261
add 581 958 -447
query 715 774
add 544 903 -534
query 46 262
add 429 534 923
query 545 613
query 209 725
query 187 669
query 420 807
add 477 923 578
add 46 888 -330
add 701 905 -336
query 11 709
add 526 669 -115
query 385 695
query 217 332
add 46 313 87
query 733 981
add 92 148 844
add 853 893 641
query 9 662
query 244 290
query 567 898
add 564 625 -648
query 182 585
query 217 235
query 313 937
add 412 469 -165
add 689 811 231
query 1 652
query 353 590
add 54 613 -231
add 217 316 -599
query 419 818
query 428 873
query 443 581
add 364 728 -846
add 95 508 580
query 893 956
add 97 150 329
query 34 741
add 234 576 946
add 351 612 773
add 210 929 168
add 280 564 -680
add 242 433 -486
add 621 787 -409
add 181 316 -849
add 367 855 -522
query 280 504
query 189 503
add 364 648 -189
add 501 841 908
query 395 941
query 117 447
query 229 261
query 230 469
query 802 880
add 151 937 210
add 96 980 898
query 156 635
query 535 548
add 532 789 393
query 233 976
query 448 768
query 357 534
add 22 231 -485
query 77 739
add 506 527 209
add 13 964 911
query 72 918
add 637 748 -638
query 433 749
query 330 920
add 101 581 557
add 65 660 -291
add 530 580 283
add 332 629 -902
query 829 961
query 362 859
query 443 957
query 24 517
add 175 202 783
add 300 558 138
query 574 891
add 220 239 205
add 392 901 646
query 692 804
add 189 347 34
add 520 868 302
query 232 779
query 245 453
add 662 947 -433
add 104 620 871
add 138 677 44
add 716 980 297
add 695 924 325
add 390 794 -482
query 80 839
query 563 806
query 244 899
query 365 571
query 35 614
query 92 556
add 70 119 -648
query 503 930
add 564 844 196
query 210 609
query 109 762
add 533 645 -453
add 103 657 513
add 36 994 90
query 519 530
add 733 794 313
add 410 605 -627
add 69 803 -265
query 164 490
query 89 980
add 817 961 -210
query 32 977
add 682 829 916
query 343 353
add 639 671 -357
add 163 863 -950
query 297 917
query 435 649
add 468 990 -409
query 137 659
add 864 970 11
query 324 898
query 403 897
add 68 224 -236
add 190 547 428
add 673 811 593
add 642 936 -971
add 12 272 -284
add 418 673 -694
add 4 423 -400
query 334 983
query 144 991
add 198 372 917
add 281 311 -2
query 348 942
add 732 989 499
add 28 579 423
add 445 616 -120
query 125 675
add 578 965 -338
add 70 805 -870
query 425 752
add 475 588 377
add 55 406 -338
query 525 623
add 345 454 -125
add 376 980 -460
add 179 556 -425
add 619 783 -607
query 122 648
query 707 910
add 618 780 884
query 285 824
query 854 984
query 156 958
add 349 931 -238
query 122 482
add 690 877 -167
query 498 894
query 326 552
query 94 589
query 160 793
add 143 874 138
add 476 849 492
query 1 353
add 6 924 -499
add 580 915 -882
query 356 837
query 329 471
add 750 787 952
add 76 514 -164
query 208 395
query 520 875
add 344 461 367
query 49 346
add 295 783 -138
add 73 357 -888
query 337 577
add 313 958 -728
add 509 567 -521
query 157 935
add 424 989 -85
add 818 961 101
query 420 855
query 587 951
query 153 252
query 540 735
query 819 979
query 475 590
add 815 948 897
add 418 770 -874
query 816 852
add 525 939 -984
query 328 774
add 318 614 -217
add 604 831 -856
add 207 305 184
query 473 833
query 74 600
add 399 515 123
add 449 613 233
add 865 868 356
add 276 705 36
add 633 990 -775
query 657 805
add 8 401 -183
query 189 722
add 260 649 -600
query 546 615
query 505 992
query 216 375
add 136 537 770
query 429 593
add 420 614 -368
query 286 660
add 161 545 712
query 476 477
query 183 936
query 343 598
add 431 637 -156
add 241 933 527
query 280 728
query 297 370
query 22 146
query 314 839
add 459 679 -477
query 339 753
add 419 478 -764
query 25 455
query 525 780
add 494 734 86
add 481 588 468
add 83 745 590
add 186 512 -904
add 303 347 -234
add 226 903 520
add 919 950 263
add 609 979 -87
add 180 808 -16
add 358 454 164
query 195 502
query 65 881
add 483 993 237
query 130 510
add 617 855 -38
query 206 353
query 417 426
add 92 123 -905
query 137 158
query 192 968
add 716 916 -445
add 8 921 768
query 422 448
query 200 770
query 138 373
add 5 284 -757
query 173 679
query 179 185
query 769 972
query 725 731
query 586 920
query 39 41
query 0 123
add 251 316 985
add 141 220 -350
query 330 813
query 630 854
add 829 914 469
add 397 720 474
query 390 827
query 255 950
query 11 291
add 119 850 773
query 428 853
query 587 975
query 317 906
query 71 634
query 364 425
query 170 561
query 594 880
add 769 820 439
add 250 654 945
add 45 56 952
query 378 809
add 280 600 -595
add 840 899 -318
add 158 986 182
query 614 762
query 836 861
query 179 858
query 187 363
query 116 873
add 68 84 -753
query 544 864
add 272 800 834
add 221 912 -497
add 540 712 199
query 394 985
add 158 465 -439
add 98 906 987
add 439 959 -715
add 366 625 -289
query 169 791
add 364 784 233
add 509 946 -5
query 406 570
add 481 623 359
add 753 757 266
query 558 815
query 201 346
query 178 613
query 335 993
add 179 528 -120
add 627 961 781
add 123 826 336
query 165 805
add 182 561 -531
add 173 363 947
query 98 486
query 483 647
add 434 768 52
add 41 415 613
query 346 581
add 919 977 -186
add 240 579 -485
add 145 335 228
add 665 999 258
add 407 776 307
query 379 844
query 248 278
query 387 740
query 20 999
add 793 996 -666
query 91 329
add 631 710 -346
query 325 454
query 71 150
query 509 880
add 215 581 -89
query 33 798
add 675 701 876
add 852 855 -210
query 251 881
add 431 903 -967
add 408 547 -740
add 67 146 731
query 479 900
query 122 877
query 146 699
query 54 288
add 337 890 291
query 207 979
query 459 666
query 75 974
add 648 928 79
query 288 997
add 350 627 106
add 319 533 11
query 372 720
add 379 991 356
query 532 694
add 96 710 -223
query 147 295
add 66 739 505
add 500 783 573
query 288 645
query 715 728
add 47 291 290
add 202 817 18
add 208 824 575
query 51 159
add 77 448 653
query 56 280
add 319 977 345
add 28 672 -338
add 35 426 661
add 142 249 -221
query 12 333
add 336 982 -366
add 19 842 179
query 986 986
add 158 159 -427
query 176 216
query 9 570
add 134 516 -737
query 363 994
query 76 994
add 33 435 911
query 670 860
query 415 777
query 264 267
add 738 802 916
query 445 707
query 817 868
add 601 893 679
query 540 930
add 564 594 -543
add 7 765 897
add 112 564 -144
query 214 324
add 63 341 931
add 216 934 935
add 134 377 204
query 142 606
add 167 688 -69
query 286 798
add 94 421 586
add 479 999 -875
add 117 548 -561
add 524 608 979
add 42 885 -654
add 139 391 -918
add 17 981 -185
add 101 864 192
add 57 214 770
add 692 943 203
add 14 457 855
query 525 857
add 567 745 -917
add 211 634 -943
add 285 675 -607
add 905 949 151
add 271 469 -133
query 725 921
add 776 945 -642
add 666 972 155
add 231 247 290
query 161 523
query 97 142
add 252 834 740
query 160 450
query 323 878
query 357 886
query 37 98
query 499 848
query 13 957
query 704 913
query 168 280
query 593 831
add 700 952 277
add 66 827 -507
query 624 887
add 753 901 734
add 181 950 -271
query 725 997
query 410 873
add 154 473 980
add 12 395 589
add 381 389 619
query 57 296
add 85 481 80
query 19 253
add 368 655 -51
query 79 521
add 440 858 -234
add 142 275 -45
query 415 939
add 415 990 -658
add 299 962 176
add 477 561 -455
query 519 884
query 324 401
add 301 900 -666
add 291 321 432
add 456 805 -541
add 416 747 926
query 460 487
add 388 756 -822
query 57 86
query 81 690
add 34 775 97
add 254 321 -466
add 602 979 477
add 345 413 -984
add 693 799 52
add 293 318 -127
add 678 807 996
add 159 813 -496
add 19 346 -928
add 212 765 -553
query 396 585
add 848 952 -223
add 768 922 -804
query 214 955
query 209 524
add 26 606 833
query 220 970
add 504 748 82
query 90 968
query 887 972
add 686 866 -499
add 257 261 -588
query 321 482
add 352 375 -265
query 512 852
add 273 343 -549
query 269 279
add 83 495 944
add 141 973 958
query 18 582
query 205 216
query 885 917
add 57 158 325
add 653 863 -347
query 145 218
add 494 544 -540
query 227 296
add 366 716 -97
query 64 948
add 260 558 -498
add 331 735 677
query 481 963
query 903 998
query 320 526
add 843 917 -7
query 479 718
add 324 358 -702
add 286 976 -554
add 314 368 665
add 377 436 -266
add 427 708 -127
add 235 628 -294
add 38 182 -321
add 132 867 613
add 416 756 422
query 131 863
add 552 767 111
add 456 978 968
add 127 941 -579
add 287 355 914
query 58 973
add 368 796 983
query 316 789
query 423 528
query 204 817
add 230 306 -396
query 727 866
query 495 728
add 104 250 676
add 25 491 575
query 176 241
query 88 341
add 840 945 93
query 176 609
add 264 818 -315
add 505 609 936
add 218 508 695
query 192 253
query 26 363
add 227 561 -68
query 782 874
query 143 984
query 766 820
add 226 718 -396
add 562 689 105
add 134 646 -459
query 55 251
add 398 684 362
add 23 817 -214
query 694 979
query 278 758
query 342 357
add 619 772 -803
add 359 531 726
add 627 772 -520
query 723 745
query 369 924
query 227 901
query 697 793
query 29 699
query 192 938
query 38 971
query 658 859
query 424 482
query 195 659
query 81 951
query 249 555
add 175 956 627
query 1 543
add 3 301 -817
query 32 554
query 268 817
query 299 658
query 107 902
query 508 509
