51122 15658 23135 10937 33045 32693 11751 12318 10556 47604 56600 4523 22238 47020 87962 37615 96743 18699 43081 41784 4096 59523 32424 74303 79427 65764 69454 12969 84356 32118 67895 59106 55052 23973 60470 64498 62273 11987 44913 47033 36216 86748 73202 81996 21935 90348 27888 3932 86984 23473 56611 3544 44102 65669 58094 46452 24618 86421 89548 93510 62553 53877 79466 95073 92277 45868 23070 6583 34047 99276 57925 42096 21818 28057 46284 24715 19236 82013 54330 11949 42162 31039 3400 30679 15905 17586 28416 35554 38696 73268 82602 47973 55431 74549 38967 70260 74490 40541 24374 45884 93097 37146 26530 76545 28612 2059 86646 54132 50538 68619 25882 29079 59087 77146 72916 42778 47904 95323 37884 48979 30763 50017 45330 71114 7348 40658 70493 66643 78785 43477 7629 58881 3448 27116 77732 69732 89913 22532 96937 62337 68429 62894 31525 86132 97547 36273 94585 23398 42941 42455 28527 16563 88011 88571 59981 45457 32004 91698 81541 20301 45610 12427 84362 71703 72332 13526 58945 65850 60427 52817 27186 72746 39400 40139 94542 35356 54325 16183 70211 3052 2220 61205 12312 69141 21277 68687 96027 41796 35652 40616 28630 818 20360 93134 46566 98773 4370 97981 96575 95336 82992 26325 26384 74617 68092 30633 69047 63793 32489 35134 51891 94312 88550 4133 73520 49970 47395 33040 974 16598 39910 27265 26324 95665 70602 54184 34386 95532 58921 19598 20467 62127 31472 87676 32194 49525 21272 1145 79060 4459 77984 46263 46423 63467 82815 86182 57841 65472 52409 95925 33402 34916 75564 77429 95956 79576 34695 60776 92807 27687 94630 21594 18464 88201 26487 41290 43028 75200 27673 57294 48444 31944 9620 62486 39679 96474 73660 76690 33964 53455 35647 99987 60590 31620 95302 9363 68051 90238 13101 69471 11348 57565 98191
360
add 128 168 -508
query 207 232
add 26 52 778
add 24 285 -695
add 22 119 910
add 5 213 -89
query 10 122
add 206 255 -905
add 45 120 -991
add 112 127 172
add 66 264 795
query 169 254
query 23 102
query 43 144
add 151 196 -949
query 41 260
query 161 193
query 7 154
query 70 194
add 210 252 -597
query 180 247
query 128 159
query 140 262
query 66 87
add 70 80 -506
add 81 268 76
query 68 170
add 65 153 781
query 0 107
add 113 235 841
add 149 234 351
add 30 162 -850
query 198 253
query 39 133
query 87 146
query 244 261
add 131 205 -936
add 87 243 -291
query 213 248
add 5 51 659
add 28 81 -561
query 215 244
add 171 261 251
add 8 81 482
add 28 179 -550
add 165 182 -991
query 17 219
query 98 104
query 14 206
add 106 212 667
query 29 44
add 35 266 -290
add 235 249 -497
add 259 262 360
add 107 184 -708
add 228 284 60
add 12 248 813
query 30 210
query 21 95
query 28 185
query 99 186
add 76 133 567
add 50 59 -100
query 11 98
add 232 265 -976
add 180 232 14
add 101 267 610
query 205 234
add 92 121 716
query 102 200
add 133 221 -845
add 2 151 -482
query 9 79
add 74 249 208
add 181 237 713
add 2 117 694
add 130 175 784
add 99 185 -379
add 122 153 -735
query 67 167
add 146 249 -441
add 29 58 670
add 27 155 971
add 195 261 -472
add 35 129 -129
add 38 128 -381
query 23 249
query 161 276
add 124 129 -610
add 27 135 -626
add 17 206 672
add 42 78 642
query 4 286
add 154 263 684
add 130 217 107
query 13 208
query 86 106
query 85 88
add 96 282 989
query 143 143
add 98 282 125
query 138 203
query 55 192
query 218 275
add 23 283 -21
add 178 231 -293
query 16 38
query 23 226
query 13 105
query 73 216
add 37 71 105
query 67 238
add 40 277 306
add 150 157 -523
query 110 157
query 197 215
query 186 197
query 1 109
add 43 109 -217
query 126 194
query 16 264
add 58 87 59
add 8 233 -200
add 63 117 -345
add 100 226 523
query 147 148
query 181 239
add 18 144 -445
add 146 290 -309
add 82 154 -83
add 148 196 -938
add 187 250 59
add 115 140 -439
add 92 150 303
add 131 174 -914
add 73 280 127
query 265 284
add 38 143 454
add 16 188 -749
query 80 271
add 26 215 715
query 28 245
add 136 247 -172
add 53 255 396
add 150 151 206
add 7 187 291
query 154 247
query 181 254
query 43 195
query 87 188
add 47 241 -523
add 81 175 -506
add 161 280 748
add 193 259 725
query 31 49
query 150 266
query 225 279
query 42 219
add 51 245 -959
add 45 277 634
query 69 85
add 8 140 60
query 224 225
add 213 255 94
add 101 163 663
add 72 186 806
query 9 144
add 53 53 886
add 9 288 632
query 37 264
add 44 62 975
add 90 142 261
add 16 56 -606
query 56 133
add 104 168 524
query 88 209
query 223 248
query 175 230
add 184 260 745
add 209 243 -574
query 54 131
add 35 219 804
add 7 168 -262
add 238 250 810
add 4 143 -971
add 22 223 626
add 186 244 -437
query 222 249
add 112 125 -385
add 56 291 -892
query 140 182
add 12 250 830
query 112 157
query 229 244
query 125 205
add 62 164 860
add 115 131 391
query 90 251
query 155 248
query 49 249
query 56 70
add 55 242 -269
add 48 241 -243
add 250 263 812
add 181 226 613
query 31 41
query 160 286
query 43 213
query 199 244
add 68 237 -416
query 24 237
add 39 144 575
add 64 168 533
query 60 246
query 97 197
query 75 252
query 6 61
query 42 231
add 31 140 -901
add 148 257 677
query 144 176
add 80 263 208
query 201 250
add 95 214 -230
query 114 173
query 183 222
add 77 202 -442
query 157 259
query 114 215
query 121 186
add 59 125 477
query 123 267
add 27 188 -616
query 7 194
add 118 140 -461
query 46 117
add 195 287 -347
query 24 248
query 40 204
add 121 212 526
add 193 291 561
add 109 147 271
add 60 219 569
query 109 279
add 62 69 846
query 191 290
add 93 126 -107
query 137 273
query 76 175
query 21 244
add 27 150 -362
query 151 209
query 9 37
add 45 66 -421
query 4 40
query 160 236
query 125 281
query 247 264
query 80 165
query 95 268
add 175 178 70
add 163 233 340
query 26 235
add 40 138 961
add 11 186 72
query 100 121
query 49 288
query 159 160
add 68 254 -471
query 152 207
query 280 288
add 0 199 -989
add 124 260 -8
query 43 148
query 116 156
query 187 270
query 123 180
add 60 202 -495
add 173 250 175
add 23 40 -384
query 125 158
add 202 228 795
add 187 195 508
add 217 278 -427
query 121 163
add 251 282 166
query 156 180
query 68 270
add 101 171 -463
add 154 215 -277
query 135 260
add 31 265 698
add 59 255 776
add 114 266 405
add 12 102 498
add 218 284 716
query 77 218
add 79 98 418
query 183 200
add 70 275 373
query 91 118
add 136 161 -645
add 141 264 421
add 14 217 560
add 14 123 -477
query 37 150
add 40 102 -203
add 14 258 879
query 83 147
add 33 231 433
add 66 266 -79
query 26 186
query 122 218
query 127 248
query 60 261
add 150 261 -965
query 146 161
add 18 151 -224
query 157 177
add 69 111 18
query 75 168
add 48 160 392
add 106 223 -702
add 165 190 337
add 37 292 -980
add 80 258 -649
add 111 129 -160
add 246 255 -216
query 126 244
add 259 264 -701
add 70 225 -198
add 129 201 409
query 287 291
add 83 135 -543
query 69 217
query 67 246
query 58 254
add 16 106 764
query 41 204
add 43 216 -778
query 38 221
add 81 282 487
query 115 121
query 131 276
query 57 139
query 176 248
query 219 258
query 180 230
add 34 126 840
query 7 209
query 21 180
add 29 104 971
add 30 156 865
add 247 260 -360
add 106 107 446
add 212 276 -360
add 6 25 -368
query 191 269
query 43 288
query 177 251
