19479 78116 81136 30089 90621 18887 5542 81265 51738 72865 92498 92662 29665 43925 18372 12632 20129 64704 63061 47885 61380 16033 96491 54745 71637 25723 50305 39885 78975 33111 90381 51916 68294 71814 46991 6004 97176 47434 10294 57938 98661 60120 57859 8883 814 34754 24545 6102 72233 78508 96333 31446 15846 60927 17128 75237 37551 89873 43444 45467 48811 63391 40510 83444 37955 93341 5531 89952 70611 20545 41516 95773 92790 10362 87658 53939 20504 27729 44845 47654 70304 83195 37946 68532 60870 28271 47307 17535 91782 71762 71425 31459 65673 20177 10072 42926 80872 29879 38838 37194 34895 21108 30849 59319 42502 44418 72167 68102 73707 25115 64128 5334 870 62733 84724 82641 56903 95244 40819 20708 14925 18346 48260 72977 17268 74046 63298 10616 32586 82589 40342 95635 53027 32739 98879 56303 37914 38803 48210 56086 69601 53590 56794 88490 16730 11951 8343 34763 98214 79887 14776 3250 14013 95262 16023 14053 94372 9899 62003 30803 38123 57845 58493 32307 58097 21519 35529 61269 19432 7193 7784 58683 75441 1284 99530 48394 99340 88384 93015 86431 73469 82796 90976 9500 43386 15373 76951 35051 74504 5193 63937 7337 78709 30076 27236 95777 37331 12748 16463 45428 51502 66432 37327 53676 61841 80594 78697 84507 54769 45524 93609 5677 45462 47095 79985 89478 62971 42518 49729 39911
259
add 56 116 905
add 124 127 -360
query 37 142
query 69 154
query 59 155
add 40 132 980
query 79 101
query 65 130
query 36 99
add 31 86 -592
query 32 86
query 163 199
add 173 189 623
add 141 209 702
query 46 78
add 109 138 254
add 112 164 -352
add 109 145 -276
add 88 151 568
query 113 178
query 0 64
query 81 156
query 99 156
query 82 91
query 33 68
query 103 180
add 40 120 760
query 40 69
add 21 109 28
add 119 216 -236
add 152 159 -188
add 24 49 -633
query 37 122
add 107 141 960
add 182 219 193
query 62 151
query 132 212
query 103 112
query 13 194
query 47 149
query 41 216
add 22 39 -747
add 57 176 911
query 62 218
add 150 173 716
add 1 24 561
add 25 88 407
query 17 27
query 188 206
query 76 106
add 125 162 -901
add 11 91 175
add 140 171 750
add 160 201 -200
add 123 145 40
query 18 21
query 87 167
add 136 158 936
add 84 142 516
add 23 190 712
query 117 175
add 66 118 -961
query 137 209
query 20 46
query 31 207
query 28 149
add 129 163 -13
query 111 127
query 9 75
add 121 169 648
add 27 146 773
add 72 141 -539
query 35 115
query 124 199
query 122 157
add 82 107 387
query 159 173
add 109 136 -44
query 37 119
query 50 56
add 28 36 721
add 186 194 -904
query 60 134
add 33 168 979
add 104 203 224
add 96 186 658
query 21 164
query 26 209
query 138 214
query 70 82
add 60 158 -13
add 56 102 617
add 61 116 -705
query 81 95
add 116 183 -200
query 157 168
query 101 131
add 87 164 -269
add 163 166 557
add 129 156 594
query 105 116
query 0 68
add 49 171 977
add 14 219 -567
query 134 188
add 164 219 655
query 8 213
query 61 135
add 55 188 -22
add 13 203 -79
add 3 111 -509
query 43 104
add 23 80 -415
add 24 30 955
query 90 194
query 45 66
add 91 127 -26
query 113 184
add 41 205 409
add 80 164 -344
query 86 107
query 15 71
query 46 86
add 36 40 -319
query 57 195
query 11 141
add 18 80 -350
query 18 25
query 29 214
query 105 134
add 95 113 -224
add 157 173 899
query 34 132
query 139 213
add 61 78 -177
query 181 200
add 100 209 -806
add 30 60 132
add 180 195 292
query 178 182
query 33 216
add 77 104 -843
add 49 206 363
query 29 91
add 112 164 654
query 39 171
add 103 118 940
add 1 93 -870
query 50 158
query 4 7
add 38 111 498
add 83 146 376
add 34 74 -898
add 53 213 -98
add 151 191 876
add 54 194 -483
query 36 188
query 169 176
add 29 172 -292
add 10 188 -970
add 133 148 -703
add 210 216 -777
add 16 135 41
add 23 201 -566
query 77 150
add 14 197 687
add 120 146 253
query 168 205
query 136 191
add 87 106 509
query 28 118
query 130 202
add 96 198 272
add 136 193 -914
add 7 16 812
query 67 68
add 90 153 136
add 77 142 624
add 15 168 121
add 26 98 789
query 51 88
add 138 171 -250
query 33 79
add 20 205 -696
query 40 49
query 40 94
add 111 197 769
query 131 199
query 32 47
query 39 166
query 90 203
add 141 166 350
add 32 204 120
query 212 215
add 46 161 832
query 95 166
add 4 14 -952
add 83 146 -310
add 114 173 -667
query 59 187
query 30 194
query 201 204
query 13 100
add 22 33 835
add 0 179 -903
query 100 204
query 131 175
query 52 119
add 48 171 158
add 202 213 -798
query 42 139
query 138 208
add 44 189 -826
query 149 196
query 143 180
add 6 217 -798
add 94 207 638
add 122 134 927
add 1 191 635
add 75 160 461
query 52 200
query 8 193
add 32 208 557
add 2 84 824
add 14 63 -734
query 21 139
add 13 90 267
query 70 107
query 101 179
query 7 120
query 177 178
add 20 188 778
query 96 112
add 108 145 797
query 63 92
add 83 187 -238
query 0 188
add 11 168 450
add 29 127 -676
query 72 81
query 37 202
add 100 186 -968
add 147 214 479
add 15 108 -582
query 108 131
query 70 162
add 26 31 -202
add 81 151 -990
query 23 156
query 42 168
add 31 66 -889
add 143 177 266
query 76 204
query 38 120
query 165 203
query 32 77
add 41 204 -327
add 1 176 866
query 27 97
