20812 8980 8514 13591 21417 6704 3735 3421 8523 2102 12546 3298 27049 26767 14556 31466 3597 12847 12498 10432 1700 30818 11158 14493 7633 2249 31188 19404 30151 10911 31848 23564 3159 25409 26318 17462 12550 25582 1498 15391 8547 1227 24233 19392 16280 28970 14807 31124 5950 26891 28402 14402 9334 15331 1071 22396 4405 24733 30300 31783 23775 20191 15638 25532 8728 32142 24380 30446 28375 10900 11172 28557 25275 20449 27148 5546 1955 27055 6227 22524 6265 29195 2025 17282 10830 13713 28548 7786 27564 25975 17684 10802 28199 2765 29690 20749 11830 16130 17268 17032 19777 19883 348 17261 12795 9088 17683 13543 754 11943 24248 5864 12133 5174 18077 2504 31317 24307 8443 4911 15326 2910 10724 10804 19656 5361 7546 20166 20570 26790 28767 12363 20590 24762 27756 10120 24523 11696 1446 1985 13998 20634 31597 2849 32170 2708 6647 24156 15026 26001 12285 3986 5237 14938 3252 25719 24554 22483 6655 23473 11307 12160 26339 23937 16518 11081 13883 24486 16593 4218 26029 126 27647 5134 16604 23919 10481 1069 5343 10373 21902 10995 6131 16732 3094 20083 31084 21825 21171 29180 11762 19092 26962 15515 19433 31600 10672 10464 3121 911 11704 25061 17168 9575 12300 29069 25964 2713 23266 9226 28222 25484 30993 17570 14403 10837 15723 6066 8181 3291 5198 13811 441 16952 13174 11516 26714 20322 23573 2312 32694 32522 806 11258 8119 4292 21502 5534 901 25449 16676 306 250 7865 5986 31781 21591 8261 18204 23070 21557 12173 22497 10816 8638 15717 14912 4525 10524 12957 27613 12104 1586 4576 8644 27840 8586 28893 27900 24778 6543 3237 3424 9901 19453 32084 26282 20228 5013 19700 19409 19903 3605 30110 5269 2412 32359 2786 12631 28597 7961 4714 12591 13097 30989 20441 28217 5695 4722 2041 21551 26519 2546 32534 30013 4996 29229 13989 24848 28360 359 11818 29233 7838 27005 11096 1425 16894 27678 19833 20581 16412 32567 28688 18483 24626 5551 8381 20781 3711 24661 11362 9919 29327 6935 1924 12900 15038 14964 5620 17597 16632 3380 5550 25828 27842 9814 12545 10750 30334 9034 31728 21263 28650 8800 24793 4371 13803 32129 16468 14154 12169 7453 18526 17875 32314 30564 18103 636 867 4025 31368 5081 24348 2659 10569 21139 19508 10374 31458 17667 32116 16466 24848 30975 24616 1403 3595 12276 26588 13801 15974 4405 18276 32432 23094 22163 15135 11586 12662 10030 18556 228 22442 5259 5820 12382 25283 28134 17658 30711 4419 24009 24937 17312 7073 1501 26078 18800 13551 3329 23950 10320 32442 21401 6168 24312 29746 16936 3526 12058 4234 26146 22799 16604 13474 20731 26977 6796 4068 28036 21278 16527 4204 16247 24805 4507 7787 16720 18962 13095 9933 21599 12936 8735 14617 30492 22446 15323 15513 13754 3767 21330 188 2303 30759 9867 11448 5970 3218 18517 21107 3094 26279 21048 10404 31030 28270 29355 12341 30465 18894 11143 18669 30265 13906 21692 31051 30822 12333 14147 28085 8816 2683 21588 29394 23917 23753 11480 28468 31160 27096 7457 8250 2115 25502 8409 7732 24110 12430 4920 27593 30360 5657 16250 5270 9909 27765 21905 7960 22560 16285 5911 21964 15731 409 20614 11156 13590 12799 29355 16221 20052 7866 24664 17151 9396 8714 17498 18788 1414 460 938 16365 5052 21500 8168 5905 24059 3192 7684 24136 6898 6150 17727 22311 32747 10393 19026 17356 26015 5840 15084 29820 12111 31936 15714 22667 10256 28147 30882 5756 19047 28848 14442 28522 9749 7293 8631 29095 22580 483 2943 16034 18819 16241 20386 26638 9983 26628 10271 10304 18611 7749 27779 31193 31440 2418 17320 21158 23808 1890 7579 1476 19448 16323 2526 4360 2380 31911 15824 22941 5512 27711 24425 7151 28796 12261 26666 4808 13271 23648 13396 6585 15352 20324 4697 20156 21248 32345 26256 30487 4652 8797 14124 11140 28002 25996 13423 3982 7433 30079 4379 6206 23070 7954 16170 9719 8324 22379 25790 30111 27548 22072 7515 11519 8470 9527 23380 1645 7687 18684 32131 24488 6715 26351 27965 12291 21964 3220 22661 10694 17651 31759 23680 2769 11807 8679 13354 24706 28228 6154 16198 17113 22390 23057 30107 19162 23990 3782 6749 18483 1548 2787 17386 31263 19414 28957 2999 20362 28767 4961 31369 29302 26803 31070 1256 8861 23986 12355 11216 9048 29284 18378 5547 16575 17548 8309 13180 12306 23424 28439 18013 20312 31031 6551 22827 2117 420 20721 640 23137 27714 3197 737 20583 29681 19060 4921 25835 30976 14768 30598 6720 18827 12467 10707 18841 17415 5611 12646 28014 2075 7477 31290 27426 10673 32415 16560 8162 6734 2674 25985 13520 15518 15984 15863 32353 22100 16474 13405 27395 21553 25013 19636 17668 5217 4302 24999 19375 11022 23292 11713 26552 21808 25637 29918 32474 3490 30595 25055 10942 30843 5544 27810 22303 6299 9152 23602 2860 900 8215 14650 25133 1900 32731 17600 30570 30608 6690 18191 18760 4810 17454 19189 22454 14438 752 6447 455 24370 30156 2082 26272 724 24220 29644 19861 31584 27383 29177 22927 29482 8883 5818 2993 28377 8104 23827 22843 7101 29367 2036 22702 22627 23052 3946 18993 11110 11423 28183 32563 7303 7937 25312 25938 9216 17749 31461 14459 9238 30364 30646 8275 8430 30007 26052 15574 10913 166 30485 26174 11666 13462 30268 9255 7424 22811 25993 8176 11223 2106 7805 5732 1996 19626 1408 3226 19112 7643 9686 19481 5604 23864 18896 27200 3191 14506 25407 24294 7916 5725 22574 28221 23991 28102 2001 27132 17865 12773 7096 3517 15202 12487 31048 31395 10023 3152 26476 5697 26996 12343 15496 20663 6131 26962 10415 5662 14702 532 28693 28455 29665 2132 10695 5374 24788 8271 22169 31861 31719 2289 25696 7262 24495 13648 29026 29496 17600 8058 25611 4111 30475 14448 10978 8861 13675 6514 14523 22197 12154 23165 4397 32482 5545 12819 31046 21067 28560 16954 8318 16857 11394 14023 21994 10396 8805 6364 7602 23403 28352 31664 15045 23499 28182 26254 203 12819 15731 8225 604 13005 31300 16110 28527 13150 13419 8994 14357 29162 
1000
add 278 757 -426
query 323 406
query 107 623
query 65 542
query 94 771
query 228 863
add 177 572 -325
query 466 892
query 257 945
add 754 861 795
add 319 986 751
add 401 851 -844
query 168 925
add 254 980 -636
add 655 901 -606
add 127 505 679
add 409 595 254
query 155 516
query 596 797
query 115 567
add 115 729 -153
query 593 749
add 143 954 -277
add 585 817 -147
add 417 856 -650
query 84 441
add 157 885 825
query 67 985
add 634 980 823
query 569 802
add 34 194 -787
query 97 252
add 866 969 193
query 296 970
add 60 842 -960
add 132 183 -465
add 722 810 816
add 759 960 -431
query 726 994
add 349 772 -311
query 101 808
query 530 937
add 485 746 -855
query 152 499
add 757 863 956
add 28 131 -550
query 403 823
add 558 616 936
add 305 851 -398
query 610 841
add 115 184 -10
add 176 563 -218
query 20 335
add 229 353 524
query 0 31
query 348 454
query 4 715
add 396 693 -884
query 115 650
add 207 555 451
add 665 679 -470
query 136 476
add 214 679 167
add 573 933 544
add 593 667 207
query 912 944
add 142 942 -694
query 526 875
query 140 374
add 148 625 196
add 206 902 204
add 589 599 915
query 406 980
add 106 289 209
add 310 880 687
add 187 284 -265
query 8 151
query 401 505
query 405 652
add 221 764 -720
add 80 932 -130
query 134 540
add 201 577 483
add 36 875 184
query 686 721
add 381 543 549
query 345 734
query 469 908
query 137 512
query 17 313
query 236 397
query 115 661
add 545 914 38
add 675 966 112
query 546 784
query 19 487
add 235 789 530
query 400 944
add 372 959 155
add 398 456 70
add 454 664 171
query 325 451
query 648 803
add 569 664 -447
query 82 389
add 316 548 -803
query 433 814
query 523 536
query 52 601
add 577 653 731
query 592 684
add 486 518 211
query 75 414
query 99 344
query 382 957
query 521 585
add 539 785 567
query 46 929
query 240 466
query 492 866
query 179 947
query 352 464
query 582 593
add 633 802 33
add 356 540 155
add 93 944 -911
query 307 366
query 143 765
query 116 689
query 103 422
query 265 462
add 124 852 -380
query 125 931
add 634 635 958
add 138 248 -709
add 102 915 163
query 563 781
add 195 745 432
add 196 209 482
query 524 975
add 163 615 -315
query 691 748
add 70 980 -639
query 409 616
add 480 754 968
add 73 452 -81
add 754 953 626
add 704 871 -824
add 286 422 191
query 31 933
add 242 555 208
add 245 628 907
query 117 158
query 329 741
add 648 887 -712
add 269 791 273
query 304 424
query 285 309
query 502 614
add 100 693 370
query 129 903
query 376 922
query 37 484
query 168 916
add 205 841 1
add 50 972 -357
query 102 151
add 387 763 566
add 77 599 416
add 723 903 -175
query 109 182
add 670 746 119
query 152 239
query 168 692
query 383 516
add 831 946 640
add 66 585 841
add 286 619 969
query 134 928
query 211 221
query 115 740
add 196 314 526
add 193 613 -644
add 53 664 -208
add 807 970 215
add 339 994 -844
add 237 907 -498
add 294 364 614
add 457 489 845
query 14 359
query 543 583
add 859 989 -954
add 663 972 -410
query 105 809
query 275 801
query 295 825
add 262 568 -447
add 123 506 -990
query 110 438
query 76 242
query 266 633
query 436 916
query 687 931
query 65 146
add 425 631 -914
query 319 904
query 61 188
add 420 876 349
add 284 786 -73
query 647 820
add 15 612 -2
query 67 628
query 405 882
query 679 959
add 9 775 -163
add 337 582 413
query 124 252
query 829 864
add 371 505 674
add 364 992 92
query 352 697
add 314 383 79
add 418 481 903
query 141 966
query 259 834
add 243 456 -746
query 260 931
add 211 604 -154
query 587 602
add 151 742 -63
query 240 765
query 511 642
add 389 632 -724
add 889 943 -677
query 361 593
add 569 901 63
query 100 216
add 833 999 -912
add 704 894 448
query 30 674
query 32 78
query 586 668
add 118 213 -677
query 853 900
add 441 488 764
query 213 319
query 692 960
add 419 532 -306
add 316 727 -29
add 194 568 -986
add 528 933 800
query 764 849
add 222 842 852
query 37 571
query 664 714
add 629 649 273
query 205 700
add 229 659 123
query 81 562
add 567 755 -678
query 670 871
query 558 572
query 235 604
add 298 496 340
query 506 820
query 561 791
add 281 744 807
query 581 837
query 748 940
query 820 925
add 576 980 -558
query 111 576
query 35 97
add 176 708 -324
add 927 936 444
query 545 922
add 17 693 -179
add 290 463 -90
add 116 916 -653
query 453 898
query 228 440
add 745 777 -451
query 41 306
query 805 937
add 763 937 -319
query 723 776
add 224 617 -460
add 210 880 -344
query 187 590
query 5 621
add 605 608 323
query 50 429
add 19 519 793
query 150 473
query 420 428
query 133 774
add 239 406 603
add 348 548 -738
query 769 951
add 477 937 -917
query 642 785
add 226 357 261
query 308 568
add 660 962 -824
add 872 960 -64
query 206 228
add 359 810 -298
query 94 380
add 7 470 -70
query 182 687
query 586 948
add 456 825 239
query 330 430
add 315 806 871
add 14 690 855
add 91 514 -106
add 104 745 -695
add 213 612 -361
query 628 881
query 444 823
add 680 967 943
query 303 872
query 287 449
query 238 935
query 649 884
query 238 269
add 40 561 -374
add 509 830 -931
query 592 925
query 67 595
query 109 130
add 444 748 356
query 207 775
query 991 992
add 156 168 900
add 263 505 543
query 209 422
add 501 736 722
add 339 410 692
add 226 483 -214
add 494 756 -30
add 434 852 782
query 46 293
query 72 874
add 560 912 611
add 202 868 -829
query 222 617
query 53 285
query 95 571
add 173 436 -892
add 289 917 -627
query 50 604
query 442 629
query 708 985
add 108 557 -166
query 333 750
add 711 844 102
add 396 564 -647
add 718 786 -32
add 191 928 -590
add 442 829 -151
add 252 924 443
add 238 736 49
query 38 222
add 117 769 -555
query 387 860
add 168 963 158
query 772 893
add 281 980 316
query 77 197
query 92 417
add 49 845 -260
query 319 977
add 501 688 1000
add 383 394 -139
add 143 607 -566
add 610 774 167
add 382 705 137
add 92 214 -45
query 332 562
add 242 780 870
query 139 529
query 116 278
query 600 971
query 89 908
query 49 552
query 590 726
query 67 481
query 196 308
add 372 804 680
query 121 731
query 804 880
query 277 995
add 683 887 263
query 126 728
query 584 714
add 350 405 -990
query 14 860
query 453 660
query 141 941
query 43 965
query 483 669
add 759 925 -831
add 203 948 -389
add 636 852 658
add 291 356 -252
add 205 902 -635
query 147 198
add 178 979 538
query 866 957
add 487 738 -251
query 6 643
query 34 514
add 413 534 705
query 193 972
add 749 759 -554
add 515 590 -543
add 546 573 -931
add 738 944 -300
add 503 670 -132
query 820 964
query 66 523
add 372 884 2
add 123 438 992
add 792 876 62
add 235 604 -73
query 497 975
query 805 974
query 209 415
add 246 858 460
query 141 348
query 438 713
query 86 325
query 349 713
query 495 499
add 612 948 -330
query 360 586
add 700 939 -849
query 82 618
add 78 223 245
query 686 929
add 456 847 553
add 220 658 -868
add 67 916 11
query 181 367
add 475 927 -595
add 500 691 411
query 170 899
add 526 900 -474
add 104 921 -62
add 458 780 -743
add 62 494 -130
query 127 371
query 738 801
query 45 427
query 571 864
query 646 725
query 295 350
query 64 80
query 830 937
query 15 883
query 423 427
add 330 950 -185
add 259 763 -199
add 10 122 136
query 51 303
query 857 889
add 31 282 222
query 943 978
query 385 642
add 255 485 709
query 43 304
query 397 482
query 173 999
add 871 883 540
query 159 800
add 760 853 -478
query 282 577
query 541 562
query 773 791
query 48 713
add 156 809 -536
add 103 943 -479
add 245 875 415
query 187 338
add 6 163 -620
query 59 347
add 66 648 -725
query 94 746
add 301 329 -805
add 304 357 -233
query 500 874
add 135 554 -892
add 142 214 123
query 399 743
add 711 963 -277
add 336 692 452
add 399 660 11
query 674 888
query 660 830
query 408 514
add 51 596 -987
query 64 492
add 310 817 393
query 16 434
query 199 381
query 750 929
add 341 711 780
add 443 464 801
add 80 398 -237
query 88 183
add 546 996 487
query 28 900
add 148 448 -494
add 196 749 -817
add 270 627 533
add 31 635 -878
add 820 951 -916
query 217 433
query 61 749
add 478 675 830
add 132 679 -311
query 389 880
add 245 621 -525
add 205 488 133
add 180 541 938
query 154 718
add 677 786 -238
add 830 886 -476
add 200 881 356
add 153 729 836
query 415 988
query 428 591
add 364 817 -329
add 43 455 600
add 240 688 675
add 228 832 -85
add 755 953 491
add 454 516 301
query 378 752
query 160 373
query 686 712
query 74 531
add 260 347 233
query 375 561
add 72 719 -601
query 275 565
query 918 973
query 0 391
add 547 728 -919
add 352 480 6
add 406 548 289
add 422 788 516
add 369 732 418
query 42 720
query 618 972
query 44 144
add 134 738 843
query 61 972
add 421 485 307
add 587 633 -176
add 143 654 -57
add 99 759 -681
add 85 412 125
query 168 998
query 655 748
add 552 650 238
add 522 912 -230
add 191 527 775
add 20 826 734
add 221 575 -74
add 357 851 376
add 322 425 43
add 163 469 -486
add 426 823 -266
query 451 732
query 653 698
query 545 618
query 618 692
add 109 595 406
query 468 765
query 197 283
add 148 810 -29
add 389 414 -262
query 113 549
add 231 970 746
add 856 879 -79
add 72 955 -948
add 200 466 -162
query 530 555
query 113 619
add 258 883 401
add 347 434 -448
add 73 791 -505
add 401 841 529
add 441 941 -670
query 356 389
query 12 125
query 4 185
query 31 381
add 127 255 216
add 886 946 -852
query 19 104
query 84 463
add 774 962 -476
add 153 698 524
add 442 488 -548
query 120 743
add 114 407 898
query 249 909
add 778 870 415
query 329 408
add 516 895 -155
add 73 337 985
query 1 182
add 325 540 679
add 465 939 368
query 407 555
query 197 351
add 159 893 -433
query 636 676
add 110 859 -850
query 451 897
query 857 967
query 379 823
query 274 569
query 679 860
query 139 332
query 406 789
query 113 724
add 697 728 721
add 554 679 -659
query 934 960
add 136 450 413
query 444 513
add 87 904 -339
add 404 444 -8
add 238 963 -145
add 242 368 -253
add 221 896 -32
query 504 855
add 101 602 -671
add 525 689 -145
add 81 255 485
add 26 950 546
query 83 658
add 406 999 -341
query 213 268
add 940 956 598
query 287 401
add 92 134 647
query 446 536
query 799 871
add 235 849 -35
add 24 956 -715
query 205 835
query 285 649
query 619 876
query 614 654
add 89 370 -381
add 8 380 -539
query 73 355
query 291 849
query 11 757
add 395 454 -615
add 205 273 -376
query 250 773
add 66 210 -552
query 147 495
query 580 615
query 525 856
query 343 613
add 534 632 643
add 101 735 -212
query 99 916
add 92 528 562
add 454 718 494
add 3 94 531
query 377 945
add 363 783 -950
add 768 861 612
query 90 118
add 35 787 -494
add 452 890 183
add 718 794 -186
query 245 956
query 519 890
query 723 831
add 296 481 -425
add 411 663 -314
query 674 923
add 10 484 -749
query 241 484
query 693 935
add 763 810 823
add 621 962 100
query 628 714
add 476 914 -622
add 87 524 -317
query 956 975
query 439 749
add 438 745 200
add 660 702 -458
query 868 933
query 242 828
add 269 566 598
query 404 630
add 86 561 -449
add 179 206 -34
query 348 411
add 489 530 232
add 122 631 -659
query 410 486
add 629 960 777
query 510 803
query 107 471
add 891 967 -806
query 334 832
add 353 763 697
query 548 676
add 624 796 630
query 615 759
add 197 244 -1
query 443 597
query 546 596
add 39 330 636
query 97 645
query 160 587
query 543 593
query 8 636
query 760 762
add 81 175 145
query 429 484
query 824 863
query 476 535
add 255 374 -18
add 136 756 498
query 115 477
add 222 239 -127
add 149 278 -173
add 200 276 441
query 681 961
query 136 609
add 511 996 -701
add 380 482 413
add 323 495 104
query 348 510
query 241 508
query 216 708
add 76 221 950
query 168 180
query 106 558
add 154 744 -484
query 757 981
query 266 844
query 14 603
add 509 743 484
query 159 803
add 58 61 -892
add 470 876 -894
query 544 550
query 118 160
query 557 886
query 676 842
query 69 943
query 405 903
add 206 251 -191
add 304 619 216
query 420 886
query 509 942
add 24 118 756
add 257 791 664
query 221 593
add 250 363 905
add 429 844 -165
query 127 299
add 89 966 -114
add 174 290 -198
query 141 489
add 51 469 -308
query 466 943
query 273 756
query 968 970
query 299 347
query 777 985
query 111 493
add 404 809 -201
add 465 763 55
query 434 599
add 21 450 -363
add 196 508 840
query 579 722
query 455 833
query 176 385
query 232 823
add 247 544 336
query 211 418
add 21 246 22
add 24 699 -342
query 111 573
add 400 592 272
query 175 950
query 47 973
add 508 666 28
add 412 866 -406
add 143 605 -916
query 206 693
add 249 481 836
query 64 74
query 330 944
query 587 945
query 610 664
query 421 539
add 224 780 -639
query 66 444
query 728 793
query 177 853
add 579 678 -503
query 109 465
query 486 830
add 257 555 -747
add 407 821 -11
add 837 850 -165
query 292 683
query 531 676
add 446 669 13
add 576 852 983
query 418 645
query 646 964
query 483 610
add 291 325 121
add 302 945 -523
add 612 788 -696
add 300 401 -149
query 131 317
add 555 741 -565
query 211 603
add 723 870 511
query 468 608
add 173 423 789
query 74 770
add 162 189 -58
query 499 844
query 257 941
query 363 882
query 6 251
add 234 922 839
query 279 351
query 386 803
query 415 723
add 264 374 -132
query 718 856
add 232 919 347
add 110 116 522
add 256 922 -134
query 793 972
query 641 784
add 725 770 889
query 83 543
add 721 849 214
add 128 163 -675
query 137 862
query 492 966
query 790 940
add 673 803 577
query 138 382
query 448 452
add 503 539 298
query 825 993
query 136 420
query 57 593
query 411 847
query 319 826
query 502 536
add 219 336 530
add 337 762 -733
query 92 182
query 98 814
add 146 838 -945
query 299 382
add 608 729 410
add 845 900 995
query 390 426
add 291 397 -173
query 403 716
query 13 255
query 607 945
add 667 979 957
query 282 934
query 728 735
add 229 840 -588
query 641 706
add 282 621 -452
add 168 440 578
query 48 366
query 626 681
query 692 932
query 151 198
add 161 799 843
add 79 477 -539
add 16 808 -518
query 591 868
query 242 945
add 213 950 552
query 64 961
add 69 157 578
query 177 890
query 82 356
query 185 555
add 548 658 335
query 386 819
add 140 720 -622
add 414 549 -828
query 750 896
add 265 328 -793
query 304 652
add 56 270 -750
add 440 865 -692
query 352 799
add 519 797 564
add 97 818 -274
add 731 807 -786
query 162 225
add 137 220 418
add 97 692 869
query 131 949
add 91 436 -970
add 849 956 -256
add 200 428 256
query 0 287
add 359 890 580
add 537 596 -315
query 408 574
add 134 298 544
query 525 561
query 550 567
add 133 940 -96
add 454 792 -334
query 179 803
add 141 433 355
query 110 539
query 64 548
add 698 884 583
add 131 910 798
add 623 638 592
add 367 983 -420
add 532 669 -813
add 339 496 190
add 270 582 -243
add 261 829 154
query 647 836
query 653 794
add 71 166 -295
add 847 977 -189
add 551 964 791
query 193 326
add 260 787 -498
query 138 523
add 0 271 149
query 543 803
add 811 925 305
add 642 770 -506
query 104 190
query 707 778
query 449 800
query 505 730
query 192 335
query 217 571
query 3 16
query 2 983
query 152 877
query 246 319
query 513 515
add 715 733 -903
query 17 860
query 205 515
query 269 660
query 842 843
add 387 948 -741
query 394 637
add 264 339 637
query 0 124
query 51 206
add 101 734 -519
add 129 926 -279
query 172 336
query 827 907
query 44 694
add 646 742 -271
query 123 530
add 101 497 -540
query 228 574
query 392 764
add 64 383 -35
query 854 905
add 171 631 563
add 259 334 -837
query 120 521
query 566 822
query 76 598
