50 200
1 48
48 34
34 49
49 36
36 20
20 49
49 7
7 26
26 17
17 21
21 15
15 30
30 34
34 44
44 33
33 11
11 7
7 16
16 6
6 11
11 17
17 22
22 47
47 21
21 22
22 30
30 46
46 19
19 6
6 28
28 37
37 4
4 18
18 40
40 48
48 22
22 32
32 49
49 30
30 25
25 23
23 17
17 41
41 2
2 27
27 34
34 31
31 28
28 5
5 50
49 45
3 28
2 40
11 12
32 5
14 39
41 21
25 19
12 5
39 50
41 50
19 33
21 11
25 3
29 2
10 37
5 20
33 30
38 44
15 20
25 21
27 7
33 20
33 27
36 21
8 48
47 8
20 37
33 17
33 20
41 3
20 47
2 21
40 13
36 42
42 19
19 41
15 13
10 45
11 43
34 17
19 37
36 19
9 46
42 2
22 35
37 8
25 8
5 6
21 32
45 3
44 18
27 30
17 3
34 42
21 27
15 49
43 7
35 28
20 7
8 44
28 35
39 35
13 36
18 5
34 17
14 31
31 47
2 31
47 40
2 36
34 20
30 45
5 3
27 47
33 48
15 47
5 50
27 9
4 30
31 37
45 12
39 36
2 5
34 45
2 40
45 48
17 49
10 14
15 13
43 29
13 30
26 22
34 46
43 9
20 30
33 44
22 11
26 16
40 22
27 11
11 23
12 21
40 44
27 47
34 12
12 24
19 8
15 31
28 21
40 24
7 38
21 43
4 18
45 19
49 45
45 39
39 50
21 10
29 47
29 43
2 9
49 3
33 49
48 29
22 8
27 15
18 42
3 27
33 45
33 22
38 48
19 43
34 29
30 47
34 11
27 11
31 32
27 38
35 26
44 48
7 19
33 24
36 39
14 47
31 21
27 35
37 15
25 19
29 11
