80 500
1 52
52 64
64 59
59 34
34 45
45 43
43 14
14 32
32 19
19 45
45 58
58 37
37 8
8 21
21 53
53 7
7 19
19 56
56 69
69 60
60 17
17 42
42 77
77 37
37 78
78 38
38 60
60 30
30 51
51 28
28 69
69 67
67 69
69 10
10 74
74 48
48 50
50 6
6 50
50 44
44 58
58 57
57 39
39 38
38 72
72 49
49 68
68 51
51 25
25 15
15 7
7 36
36 24
24 64
64 19
19 33
33 39
39 21
21 34
34 50
50 43
43 15
15 16
16 30
30 71
71 34
34 26
26 7
7 19
19 66
66 23
23 27
27 6
6 72
72 26
26 60
60 72
72 46
46 24
24 29
29 46
46 37
37 40
40 36
36 10
10 6
6 19
19 70
70 64
64 17
17 30
30 63
63 14
14 9
9 16
16 63
63 13
13 46
46 32
32 80
22 79
24 13
42 13
59 20
10 56
35 74
48 60
9 29
4 13
47 8
62 59
21 17
10 78
75 18
61 46
44 58
58 44
72 16
70 55
59 8
57 9
75 55
13 41
5 30
16 36
44 73
42 62
45 10
20 14
22 32
57 80
16 18
40 46
72 67
57 75
37 4
75 36
56 44
14 35
67 76
22 29
44 21
54 10
17 67
59 79
60 26
20 23
42 59
37 64
73 70
25 5
71 35
78 34
50 42
68 64
56 45
42 15
12 41
12 6
51 56
67 78
14 11
37 41
14 8
11 8
38 34
71 42
10 15
16 2
76 11
61 15
37 27
75 42
2 38
70 30
39 76
2 76
16 70
62 19
76 46
59 72
37 50
3 44
73 60
3 25
77 6
65 29
74 56
4 34
38 60
2 65
79 21
52 18
58 66
75 29
13 57
41 75
32 12
46 10
20 39
2 5
47 21
31 17
32 18
15 34
76 60
10 15
8 30
6 20
58 63
49 64
15 59
26 16
59 76
11 30
11 30
78 43
69 18
60 31
31 40
37 61
49 38
69 68
26 62
16 30
41 31
37 6
69 59
26 18
42 29
41 2
60 26
12 40
25 23
43 15
5 32
12 34
22 73
33 59
24 3
14 37
46 35
12 3
74 32
58 47
67 70
64 30
56 57
74 49
33 39
50 13
50 49
37 72
21 36
49 73
12 52
50 74
5 66
12 3
74 72
5 35
44 29
15 6
31 77
8 80
59 6
45 43
51 45
43 13
33 80
62 75
73 76
66 53
79 55
43 76
58 71
8 3
70 31
65 27
29 79
60 44
43 33
66 39
26 65
10 31
19 16
75 15
8 47
46 37
9 74
56 61
74 40
27 55
32 44
41 43
5 68
38 70
76 65
26 70
30 49
6 30
43 5
44 38
68 33
68 5
4 26
43 26
22 59
42 53
78 74
78 59
78 40
52 31
71 35
67 63
78 42
79 23
59 75
56 45
43 25
10 73
50 57
60 50
62 20
61 30
9 48
41 77
32 38
73 58
33 44
29 20
38 29
41 54
15 29
18 34
55 66
58 64
21 38
33 72
38 55
21 10
45 14
52 37
59 22
6 11
13 70
47 44
11 10
34 36
38 41
35 37
23 67
26 65
19 4
78 47
3 73
35 42
60 58
22 19
8 15
66 38
52 51
40 23
6 72
27 50
32 56
45 17
18 29
44 71
56 53
28 58
35 64
5 75
55 69
47 41
76 23
6 65
39 8
19 7
14 75
40 60
57 22
43 23
68 42
15 42
74 61
57 73
3 54
40 42
66 25
56 67
15 80
47 10
37 18
16 64
15 52
22 27
49 69
33 29
53 72
25 42
70 73
57 77
33 56
58 57
21 12
18 48
66 27
2 73
63 57
61 22
18 42
55 42
33 39
15 11
52 68
57 17
37 79
16 31
48 47
70 75
49 52
41 42
50 14
9 66
75 78
79 14
5 19
35 5
38 23
16 62
46 59
57 79
6 37
66 63
40 31
45 40
33 64
48 9
79 61
54 67
11 64
70 2
55 14
48 17
49 80
64 66
22 67
67 77
43 40
14 2
30 21
40 14
58 23
4 76
6 77
19 71
45 57
72 40
12 55
14 61
28 38
77 79
64 14
8 80
7 6
79 66
35 63
73 46
56 52
8 42
28 55
70 57
63 24
69 59
8 76
25 42
65 30
42 21
52 56
53 65
70 26
71 79
23 18
62 56
21 3
51 33
2 20
41 39
2 20
23 54
28 40
77 16
48 33
32 59
11 59
17 55
66 62
79 69
40 3
