150 600
1 123
123 31
31 147
147 145
145 22
22 9
9 60
60 91
91 95
95 2
2 70
70 87
87 51
51 77
77 99
99 79
79 24
24 77
77 58
58 100
100 134
134 27
27 18
18 108
108 21
21 74
74 101
101 23
23 126
126 138
138 17
17 103
103 129
129 75
75 56
56 32
32 69
69 102
102 49
49 61
61 113
113 115
115 39
39 96
96 76
76 101
101 35
35 101
101 99
99 91
91 20
20 13
13 61
61 133
133 140
140 116
116 52
52 131
131 52
52 126
126 122
122 113
113 119
119 38
38 120
120 11
11 70
70 140
140 127
127 91
91 17
17 111
111 72
72 87
87 85
85 44
44 101
101 138
138 76
76 112
112 123
123 115
115 74
74 119
119 61
61 125
125 18
18 129
129 76
76 3
3 25
25 18
18 77
77 92
92 140
140 92
92 20
20 61
61 27
27 150
72 26
149 102
49 116
83 43
50 99
111 141
22 34
40 43
9 119
142 30
98 15
143 94
59 112
64 135
45 77
58 4
120 23
81 40
14 131
58 21
120 21
102 106
26 9
30 123
4 100
45 106
63 108
65 108
20 86
91 96
108 144
73 147
70 47
55 105
69 86
15 126
101 79
138 29
85 150
66 133
111 72
35 63
28 8
5 62
51 123
72 86
147 16
24 140
136 21
94 64
126 135
115 84
67 143
140 33
42 16
30 124
111 45
45 40
9 99
33 39
86 43
66 43
63 4
73 40
17 48
34 56
42 68
122 44
96 68
66 105
116 113
75 41
119 45
127 68
137 5
46 134
91 12
41 86
3 147
75 119
32 102
80 49
62 144
78 2
18 61
114 73
31 11
87 27
134 48
41 135
127 146
66 88
59 141
56 134
20 115
82 141
60 77
79 53
57 105
141 148
9 69
142 124
43 62
119 142
58 30
106 101
55 46
120 67
131 133
72 61
90 71
49 137
138 4
125 105
67 46
95 98
54 114
35 117
136 82
44 56
51 117
36 31
84 60
131 43
107 85
148 91
42 71
27 69
13 57
86 105
57 55
12 115
147 134
11 56
34 101
149 20
149 126
96 147
3 39
113 80
77 19
26 124
107 89
48 130
64 110
67 83
98 142
83 62
14 25
146 93
42 5
68 34
13 67
14 91
40 150
82 109
36 87
44 104
2 79
85 50
22 20
46 68
124 129
16 61
110 119
74 143
20 131
125 35
117 3
12 74
26 32
94 30
60 22
87 13
30 110
8 84
80 24
40 47
125 19
121 87
112 41
21 123
10 32
126 41
60 34
34 118
11 108
11 51
21 40
107 23
52 15
11 78
16 135
85 136
32 147
8 137
38 3
115 10
139 96
20 21
41 137
113 118
47 24
57 69
137 82
74 69
19 13
87 12
22 23
3 143
2 76
7 138
112 41
16 13
61 75
96 74
132 71
74 52
21 82
7 15
76 79
22 125
143 80
95 89
54 104
71 9
51 35
42 25
36 65
68 33
114 74
42 8
48 35
21 43
97 32
59 57
49 7
103 71
125 111
6 78
65 122
73 146
66 112
17 78
7 119
99 114
146 4
12 100
93 54
23 144
106 79
117 139
24 7
63 66
70 110
50 100
149 116
42 77
149 43
132 101
10 86
128 106
10 78
27 133
141 26
39 111
6 138
76 65
43 135
114 106
7 20
97 129
4 121
144 102
110 25
24 72
38 3
17 123
117 19
21 115
78 18
89 49
48 141
127 42
53 92
99 146
3 14
104 51
52 113
122 31
9 65
56 24
9 48
107 26
22 86
106 142
64 9
68 30
147 98
33 25
91 86
44 62
95 58
5 76
90 23
107 43
95 118
65 70
70 128
62 76
73 53
14 139
29 37
100 53
92 49
32 50
106 92
45 25
45 122
104 85
4 113
52 35
120 125
73 62
57 134
3 58
27 46
55 88
32 150
56 127
4 70
33 37
98 104
135 101
85 104
89 84
126 67
6 58
149 44
84 43
87 78
100 32
107 150
49 149
70 53
14 52
36 87
118 11
44 111
54 121
54 38
92 105
80 8
104 143
52 11
75 97
80 98
28 81
33 92
149 60
28 149
5 53
146 62
77 143
76 18
140 108
67 4
103 78
114 129
141 29
26 45
3 84
104 125
105 23
32 77
70 96
31 149
7 73
44 53
100 150
52 98
12 112
30 85
142 37
128 110
95 63
115 36
144 52
34 81
46 15
64 16
50 65
128 106
128 131
84 140
99 80
73 132
78 80
143 26
38 3
40 74
139 27
81 12
40 57
103 57
53 68
76 106
13 47
18 136
49 32
32 99
101 80
85 49
145 55
7 29
55 96
78 18
65 17
108 122
17 26
136 150
25 146
147 17
141 145
45 126
44 98
4 135
62 132
14 9
17 23
82 136
13 70
68 55
18 150
99 68
16 106
25 123
71 18
104 56
8 16
64 118
105 102
141 31
77 116
13 40
43 31
53 98
35 142
134 86
63 88
103 94
12 43
75 139
56 114
110 78
138 113
70 2
19 72
147 73
74 128
89 132
13 77
22 39
83 51
28 107
40 145
76 10
107 95
18 33
138 13
78 120
128 18
134 43
47 123
17 134
137 87
36 66
75 45
111 134
89 46
130 87
98 17
18 38
147 78
9 136
78 36
55 105
66 138
31 53
23 123
147 89
71 97
68 98
130 138
45 138
14 9
130 81
20 52
100 143
135 77
