150 300
1 91
91 96
96 66
66 98
98 6
6 140
140 56
56 133
133 21
21 106
106 64
64 82
82 12
12 68
68 10
10 117
117 34
34 149
149 86
86 95
95 96
96 34
34 70
70 79
79 72
72 92
92 97
97 58
58 135
135 108
108 95
95 99
99 58
58 46
46 128
128 105
105 122
122 2
2 92
92 150
75 104
52 145
114 122
139 143
120 72
132 76
130 13
55 129
76 141
135 110
123 30
126 49
109 139
66 26
22 147
77 142
82 120
16 145
52 59
37 6
60 95
92 108
47 142
43 12
18 127
110 136
81 41
19 51
39 60
90 144
38 100
130 24
7 71
38 29
82 139
57 95
26 106
125 98
76 22
71 19
116 147
89 98
23 48
121 60
109 71
75 71
24 87
19 16
119 15
75 69
21 54
124 49
81 148
18 33
29 84
139 123
74 104
50 80
106 21
26 34
47 62
69 133
133 74
91 82
13 53
79 77
4 87
61 50
62 81
11 19
109 142
41 19
111 31
88 61
124 39
33 16
96 109
120 117
87 120
105 18
43 28
5 29
22 97
36 129
23 111
6 146
48 16
122 35
137 126
79 130
35 70
82 126
64 104
85 121
121 113
51 53
28 78
139 128
48 6
63 146
31 57
83 17
103 29
135 84
113 22
96 10
39 51
123 50
122 126
13 128
31 33
37 79
112 97
71 146
19 132
94 48
23 115
147 59
119 24
64 23
132 115
41 51
8 61
44 101
12 145
123 64
81 34
72 140
42 56
8 127
17 142
118 100
117 146
97 87
91 125
36 38
36 80
120 101
10 71
76 103
36 139
34 2
71 131
44 129
11 71
74 87
90 51
51 24
54 2
80 33
89 32
135 33
60 146
109 48
131 101
32 12
108 48
121 135
72 34
98 13
139 106
66 108
124 125
70 143
93 5
101 20
74 95
58 126
38 57
146 99
148 25
2 19
129 21
57 128
18 101
36 66
76 86
125 65
37 90
91 40
75 19
119 17
85 50
124 125
147 16
66 25
84 4
142 100
56 144
55 85
102 88
42 45
140 6
54 50
133 88
71 34
28 125
141 107
65 146
143 48
76 131
86 31
12 58
130 79
96 86
107 113
141 12
92 130
28 142
131 145
33 58
76 54
77 27
9 16
98 61
57 144
42 66
114 128
72 105
66 147
63 33
65 64
138 18
19 102
84 117
123 48
138 90
123 33
117 29
55 120
33 143
107 39
119 36
114 37
57 70
100 88
71 126
130 78
119 124
100 143
16 14
67 22
101 47
64 138
147 101
131 73
142 5
25 28
24 46
83 113
114 31
121 21
118 149
2 144
30 104
103 137
15 45
97 147
55 40
58 54
