200 200
1 180
180 162
162 68
68 132
132 40
40 67
67 10
10 100
100 101
101 44
44 166
166 138
138 20
20 86
86 123
123 125
125 40
40 35
35 152
152 36
36 41
41 130
130 136
136 171
171 71
71 181
181 69
69 118
118 162
162 137
137 136
136 45
45 174
174 48
48 133
133 17
17 156
156 34
34 69
69 92
92 23
23 167
167 175
175 81
81 124
124 54
54 140
140 71
71 163
163 189
189 116
116 128
128 70
70 146
146 91
91 93
93 183
183 196
196 38
38 161
161 89
89 78
78 110
110 144
144 78
78 33
33 167
167 54
54 62
62 83
83 127
127 24
24 102
102 44
44 181
181 100
100 144
144 85
85 198
198 108
108 53
53 140
140 78
78 137
137 112
112 180
180 189
189 134
134 148
148 35
35 192
192 42
42 118
118 89
89 98
98 114
114 185
185 148
148 75
75 29
29 199
199 70
70 187
187 128
128 138
138 187
187 73
73 125
125 164
164 95
95 123
123 50
50 24
24 92
92 167
167 39
39 172
172 75
75 161
161 22
22 123
123 179
179 9
9 112
112 173
173 91
91 148
148 151
151 178
178 169
169 132
132 164
164 159
159 94
94 102
102 120
120 189
189 25
25 77
77 99
99 114
114 165
165 43
43 183
183 79
79 96
96 101
101 126
126 146
146 42
42 140
140 197
197 122
122 13
13 151
151 10
10 51
51 106
106 16
16 198
198 187
187 48
48 102
102 68
68 37
37 147
147 129
129 61
61 50
50 159
159 64
64 43
43 87
87 137
137 199
199 36
36 80
80 132
132 76
76 20
20 183
183 6
6 122
122 11
11 158
158 199
199 18
18 6
6 143
143 9
9 185
185 35
35 115
115 58
58 91
91 27
27 95
95 78
78 13
13 200
