200 500
1 49
49 23
23 65
65 138
138 95
95 45
45 173
173 54
54 186
186 199
199 43
43 26
26 91
91 92
92 43
43 56
56 5
5 121
121 100
100 34
34 61
61 190
190 171
171 70
70 134
134 89
89 36
36 66
66 103
103 177
177 80
80 88
88 68
68 56
56 66
66 65
65 92
92 167
167 184
184 127
127 140
140 24
24 199
199 122
122 136
136 51
51 31
31 150
150 109
109 122
122 22
22 27
27 176
176 117
117 28
28 177
177 103
103 175
175 178
178 117
117 6
6 195
195 69
69 30
30 61
61 196
196 42
42 19
19 83
83 78
78 123
123 11
11 162
162 138
138 77
77 134
134 31
31 170
170 51
51 100
100 74
74 13
13 24
24 49
49 112
112 12
12 196
196 72
72 119
119 30
30 44
44 95
95 103
103 17
17 101
101 136
136 165
165 63
63 6
6 39
39 109
109 153
153 37
37 105
105 146
146 44
44 186
186 156
156 41
41 82
82 106
106 129
129 76
76 124
124 126
126 43
43 32
32 73
73 195
195 73
73 60
60 35
35 139
139 180
180 138
138 108
108 46
46 57
57 54
54 193
193 132
132 187
187 68
68 151
151 153
153 132
132 19
19 51
51 140
140 193
193 84
84 129
129 36
36 14
14 197
197 199
199 134
134 175
175 177
177 193
193 19
19 128
128 132
132 9
9 45
45 137
137 68
68 71
71 169
169 115
115 128
128 111
111 140
140 30
30 81
81 108
108 99
99 35
35 131
131 136
136 110
110 105
105 80
80 97
97 98
98 137
137 146
146 101
101 61
61 12
12 27
27 159
159 174
174 95
95 156
156 190
190 109
109 148
148 191
191 139
139 156
156 91
91 102
102 15
15 61
61 106
106 107
107 87
87 72
72 200
13 35
12 117
44 160
10 51
179 47
86 113
84 109
3 45
46 139
196 193
7 98
123 59
191 85
45 111
178 171
9 20
24 127
85 30
161 170
17 25
189 6
24 137
143 111
171 99
92 116
32 131
52 47
118 84
123 144
76 135
26 8
34 148
126 125
39 69
134 139
179 58
18 106
105 82
88 189
31 112
64 60
100 186
32 68
18 94
196 166
85 52
74 150
69 76
164 54
52 71
17 123
63 31
53 174
160 165
109 197
41 147
165 187
114 67
67 95
63 20
167 75
43 136
142 20
128 146
87 62
10 186
79 118
67 79
165 121
132 193
148 113
138 55
172 55
159 177
4 135
20 96
70 148
78 128
91 184
66 40
159 108
196 41
91 13
173 144
183 31
138 200
2 87
84 89
13 75
138 102
139 86
185 105
20 193
160 159
67 41
85 181
150 160
147 56
75 89
116 178
197 8
160 128
23 116
111 123
12 173
10 108
97 96
58 22
6 77
168 160
43 15
115 71
88 137
182 118
121 193
199 182
69 65
169 133
193 92
172 163
54 196
59 27
167 144
144 69
43 194
167 186
146 15
82 64
53 45
61 145
8 177
182 102
122 139
191 187
35 12
171 84
22 31
193 136
13 117
87 21
100 161
198 95
138 150
70 24
146 152
24 58
17 62
135 98
92 60
28 92
40 60
120 80
85 200
57 68
198 149
60 75
87 16
181 22
86 19
43 30
77 43
2 52
95 178
77 82
189 84
88 145
146 124
193 178
104 185
160 116
53 171
103 184
167 69
71 76
81 142
18 32
144 27
48 139
198 110
37 185
162 119
123 94
76 197
106 138
155 106
198 146
9 115
109 38
68 178
180 105
167 71
85 22
135 104
31 157
161 110
199 68
169 8
56 85
107 13
73 128
95 20
172 157
112 175
41 26
173 194
76 104
77 155
58 160
10 72
125 174
49 94
121 181
80 68
34 147
62 87
120 38
22 183
50 76
89 118
63 37
197 132
38 120
163 198
6 4
192 138
87 192
183 111
32 138
2 26
41 46
151 154
107 152
147 96
66 6
35 112
116 46
110 27
186 153
190 165
18 84
90 7
42 155
79 183
158 149
84 104
63 81
175 154
165 167
83 127
97 4
173 98
87 125
115 9
32 46
62 15
12 174
74 133
87 192
76 92
31 190
34 141
116 100
178 193
152 179
43 63
183 74
107 21
36 40
53 123
36 184
34 120
96 127
108 177
101 11
103 130
138 164
43 200
197 75
45 116
106 8
97 14
77 61
65 35
157 168
21 156
180 62
143 4
129 143
28 3
59 131
63 180
89 57
166 135
127 117
21 177
100 59
5 195
120 72
19 194
190 87
