200 1000
1 120
120 86
86 167
167 105
105 84
84 48
48 86
86 65
65 89
89 9
9 56
56 19
19 54
54 156
156 186
186 19
19 143
143 66
66 32
32 161
161 179
179 139
139 48
48 118
118 34
34 114
114 168
168 146
146 130
130 22
22 73
73 166
166 42
42 53
53 60
60 16
16 91
91 136
136 13
13 62
62 192
192 160
160 111
111 59
59 113
113 190
190 68
68 126
126 116
116 106
106 48
48 164
164 50
50 165
165 88
88 177
177 40
40 199
199 7
7 29
29 146
146 193
193 30
30 191
191 124
124 99
99 152
152 153
153 169
169 164
164 56
56 186
186 33
33 111
111 50
50 131
131 46
46 47
47 62
62 158
158 155
155 164
164 165
165 99
99 118
118 157
157 97
97 142
142 85
85 113
113 4
4 49
49 190
190 83
83 69
69 50
50 93
93 105
105 154
154 3
3 7
7 31
31 49
49 151
151 131
131 31
31 185
185 48
48 195
195 99
99 41
41 76
76 112
112 37
37 43
43 188
188 128
128 73
73 78
78 176
176 80
80 60
60 112
112 119
119 73
73 158
158 5
5 170
170 49
49 79
79 138
138 139
139 137
137 140
140 103
103 18
18 9
9 144
144 92
92 18
18 123
123 126
126 113
113 48
48 156
156 154
154 138
138 25
25 172
172 170
170 52
52 159
159 176
176 101
101 113
113 25
25 28
28 147
147 70
70 94
94 125
125 48
48 135
135 145
145 160
160 198
198 34
34 14
14 17
17 144
144 39
39 61
61 182
182 109
109 126
126 148
148 93
93 199
199 92
92 173
173 48
48 17
17 68
68 197
197 77
77 63
63 64
64 182
182 17
17 59
59 119
119 186
186 68
68 162
162 18
18 12
12 99
99 24
24 65
65 200
133 4
2 120
107 23
160 104
193 80
142 95
46 188
118 54
186 175
186 78
108 157
3 164
41 55
96 30
165 27
71 186
79 157
170 123
61 155
14 103
111 189
45 98
100 164
114 155
97 147
11 109
120 171
83 188
30 80
179 59
192 132
122 92
30 116
127 54
101 163
69 14
131 124
9 95
44 147
151 167
92 165
150 18
188 131
130 195
184 63
53 105
150 31
35 200
67 124
58 20
155 45
87 169
113 3
142 164
43 75
56 51
127 155
146 6
37 111
100 134
185 18
36 40
7 43
70 21
140 184
130 63
66 104
196 100
58 87
121 45
166 191
144 43
20 10
179 162
67 134
122 58
29 16
97 119
97 180
171 192
110 193
146 54
113 91
97 68
183 154
89 121
150 182
115 129
73 100
130 154
103 91
132 191
195 105
29 68
19 72
128 155
10 19
52 101
138 193
177 76
88 127
151 51
138 113
181 149
10 72
106 136
127 120
99 152
60 132
120 163
32 145
34 194
124 105
107 121
195 102
43 55
165 166
175 111
133 70
181 42
89 39
85 101
173 3
51 171
25 195
70 107
56 29
107 188
24 106
93 44
30 196
80 2
30 83
196 146
112 29
98 42
79 16
161 145
179 187
25 78
20 45
54 3
38 37
118 34
44 82
114 6
49 190
192 107
90 39
109 118
86 51
143 124
130 129
103 90
93 75
69 83
3 164
45 19
92 183
147 146
107 32
78 189
109 42
191 66
58 50
168 154
125 79
159 53
53 196
111 70
185 16
85 126
74 167
18 93
176 73
23 146
69 88
138 31
194 28
193 132
43 182
152 47
76 31
142 79
29 103
187 125
170 47
130 144
27 122
174 128
113 52
69 42
161 198
95 69
192 46
40 34
124 178
24 112
62 182
106 30
166 188
80 61
76 16
164 175
46 75
161 20
114 187
43 154
60 84
107 111
73 19
156 91
75 12
178 80
90 13
101 10
35 22
96 163
96 54
141 185
130 23
80 131
132 18
131 92
154 103
123 87
123 77
24 122
165 166
86 17
112 143
116 161
103 151
138 2
42 81
105 28
105 60
147 167
48 131
179 104
74 39
103 37
145 137
129 14
81 60
124 39
107 22
80 122
10 196
47 155
172 157
190 30
154 95
109 139
123 116
38 32
82 153
111 101
80 189
22 193
79 130
40 100
6 21
92 27
21 160
148 91
122 49
3 67
66 56
73 183
62 32
120 21
11 157
36 164
9 138
86 111
106 124
122 97
74 117
162 154
20 53
169 10
110 200
67 90
173 89
55 23
83 103
183 48
146 159
124 20
56 62
53 75
157 64
173 200
148 186
177 92
56 199
159 107
127 42
127 135
42 177
112 89
6 179
110 27
126 16
162 155
16 169
74 44
147 149
175 99
167 175
49 107
41 34
29 90
121 120
44 34
81 47
115 7
82 128
167 132
42 59
10 21
131 63
164 92
166 123
29 40
84 68
104 131
142 84
89 13
88 184
41 55
26 151
132 188
125 195
173 149
173 50
12 164
24 182
166 74
113 56
63 148
131 5
104 198
56 197
38 177
16 68
113 66
110 103
114 75
71 39
74 199
53 143
52 148
78 71
34 200
86 42
40 165
112 105
149 5
8 176
189 44
95 36
30 163
96 88
179 51
76 114
78 83
9 94
109 186
119 161
40 170
50 146
75 150
78 24
107 34
35 9
135 189
94 120
31 110
137 48
180 189
143 61
27 66
72 157
25 187
150 125
34 81
16 109
69 37
58 76
160 146
159 193
106 73
88 11
56 46
172 192
128 96
18 57
134 7
100 155
95 16
116 28
15 134
57 125
44 53
121 199
14 43
67 196
71 44
83 145
195 161
193 70
30 145
28 97
121 113
57 112
32 193
64 173
155 64
106 22
34 136
156 145
103 118
104 50
146 170
64 82
167 31
152 50
188 26
102 36
82 111
52 130
163 187
198 141
15 16
183 77
133 164
110 6
133 131
134 112
142 129
119 166
148 115
104 175
161 146
95 199
140 125
161 124
71 174
15 27
42 120
73 83
36 50
21 110
81 37
167 199
114 37
106 147
83 59
182 169
106 41
60 33
28 99
124 179
69 54
108 64
178 88
83 182
106 140
106 96
41 105
50 64
25 115
137 160
142 105
199 125
103 184
132 25
124 43
66 12
191 163
109 44
117 136
135 12
37 31
149 159
110 59
122 153
74 104
120 109
53 4
155 180
48 85
58 131
90 46
136 164
53 63
90 193
11 164
189 63
16 171
152 128
199 138
131 91
145 42
179 103
4 61
124 85
128 48
121 13
85 76
112 71
145 31
53 171
111 12
147 128
118 47
5 33
67 170
157 20
116 72
53 42
152 68
162 72
185 144
26 111
189 35
118 116
50 157
30 159
67 148
186 169
54 13
193 155
12 96
149 151
79 195
32 44
41 40
192 15
123 69
18 33
16 174
120 60
129 50
73 64
133 40
74 199
196 113
173 108
61 145
128 99
139 194
118 158
109 99
68 129
4 115
71 127
48 185
171 100
125 84
2 144
126 59
136 176
172 175
59 164
117 140
74 176
158 100
64 189
103 9
4 73
123 36
101 36
99 176
4 191
26 167
143 156
172 44
55 146
126 113
58 181
21 81
144 2
49 51
122 147
128 146
6 161
150 68
19 16
64 52
173 172
69 140
194 39
136 115
41 61
167 122
115 80
171 137
114 136
149 105
50 113
127 187
118 99
17 74
78 200
50 51
154 82
123 111
113 114
173 160
122 21
162 172
18 182
158 53
172 117
107 150
23 191
39 111
122 103
88 73
131 93
76 47
22 165
183 29
147 119
196 176
146 34
101 194
181 150
94 88
174 182
138 91
163 166
46 108
119 13
188 110
116 56
14 146
7 30
83 119
106 21
152 147
49 181
17 74
159 187
98 130
14 189
34 171
184 127
51 94
48 37
158 3
33 30
17 182
66 30
194 144
139 133
25 122
49 47
47 83
149 29
42 163
118 130
90 200
45 24
141 131
116 77
145 27
30 189
156 66
107 62
130 30
115 195
191 153
136 56
144 44
93 173
151 175
102 31
38 157
85 16
21 118
20 188
148 169
172 74
16 60
182 81
57 101
32 47
30 21
125 155
191 194
12 74
3 62
39 42
175 47
2 72
145 189
32 86
98 131
25 105
124 169
137 23
88 39
27 57
150 74
76 13
110 168
139 8
123 70
39 149
112 89
72 169
160 19
13 170
56 119
127 21
95 187
182 15
57 98
53 85
104 77
148 158
192 173
60 178
164 22
131 154
112 114
49 149
97 167
92 192
136 108
120 133
3 179
38 6
172 7
150 23
73 26
185 59
152 74
113 45
90 114
42 67
13 173
162 110
99 78
28 120
23 70
27 169
150 51
83 116
134 51
198 85
11 13
12 159
74 63
64 152
107 14
5 178
79 163
108 122
56 3
148 82
184 114
146 178
20 120
147 34
23 83
126 26
161 169
61 85
35 38
183 108
88 38
46 62
7 45
12 181
177 65
12 13
173 106
26 73
36 14
147 26
50 9
8 52
161 166
33 120
150 166
149 187
182 78
120 192
141 177
160 188
129 19
31 133
147 161
69 124
198 144
