1000
45 11
34 64
67 33
45 78
12 5
55 24
62 38
18 42
84 80
92 20
20 84
68 40
91 94
50 45
96 97
94 2
60 52
37 42
3 6
30 22
58 53
43 92
18 68
62 6
32 88
3 83
58 72
19 85
27 19
15 27
90 24
24 95
50 14
11 51
40 88
77 48
67 68
80 68
35 52
31 97
39 23
1 54
28 13
20 22
56 43
85 9
63 92
26 77
11 26
19 21
39 13
74 32
50 37
20 80
14 66
85 17
22 33
94 36
40 74
96 59
13 80
91 85
87 13
45 33
97 62
83 31
30 80
14 21
0 72
42 17
70 28
58 63
71 98
26 29
70 65
3 26
39 37
0 26
10 17
77 92
4 99
94 73
80 8
58 8
48 93
32 64
91 9
20 12
1 7
31 4
9 58
73 93
99 29
52 78
61 51
6 60
56 40
88 96
57 81
21 62
100 8
89 100
26 66
64 8
63 52
17 23
66 59
26 45
91 63
36 18
75 70
87 29
80 90
39 82
70 59
90 76
39 61
16 8
87 6
51 85
50 11
69 30
63 91
45 22
42 4
96 19
99 85
6 24
30 65
38 40
86 58
91 14
35 84
77 81
9 8
94 81
88 94
98 6
49 97
13 30
11 41
17 8
16 83
24 89
0 81
71 13
79 26
42 71
56 54
66 37
100 33
15 45
11 89
36 23
10 10
49 100
60 78
6 73
77 16
76 47
27 43
43 0
0 51
75 73
7 78
58 5
91 29
88 65
42 74
82 11
90 47
42 1
14 83
9 33
17 54
22 93
85 5
60 7
63 19
22 60
54 3
24 82
82 27
95 52
84 92
11 81
83 60
87 93
50 39
81 79
73 100
75 58
30 39
69 34
34 12
41 78
89 43
44 17
80 43
60 6
42 88
0 98
20 37
57 0
34 17
29 43
5 67
56 14
88 95
11 67
73 76
84 34
92 80
17 1
45 43
18 62
81 96
75 100
64 76
62 71
58 54
59 56
89 75
53 93
3 29
46 61
34 78
9 75
32 73
54 54
39 52
82 55
61 89
1 45
78 90
76 27
1 39
69 41
62 72
31 1
84 59
93 46
99 27
71 20
56 18
44 5
36 35
58 13
79 0
49 75
33 71
32 60
10 63
8 38
24 45
1 88
2 89
0 50
93 45
35 13
34 62
37 100
14 29
84 1
99 21
7 76
67 95
43 19
34 22
45 52
75 91
66 18
85 29
98 87
100 46
52 44
29 80
60 95
38 8
61 62
48 35
42 60
66 45
80 80
37 57
79 95
72 2
86 24
76 48
46 55
63 57
80 27
72 34
90 21
60 69
64 41
51 82
52 99
29 47
31 13
74 56
90 83
91 70
6 47
24 54
82 100
52 24
86 65
3 63
19 35
35 67
38 95
14 18
59 49
96 20
6 37
54 29
90 62
93 88
51 58
47 52
18 92
68 3
32 14
16 79
25 53
100 57
21 76
79 88
16 25
32 52
81 24
94 22
18 17
16 84
100 43
19 33
88 61
65 42
95 42
2 81
36 97
24 67
34 8
75 48
63 3
6 84
54 12
69 29
89 14
11 47
70 78
95 38
71 97
22 74
31 99
48 45
36 96
58 96
62 39
27 1
91 33
78 12
17 33
80 99
51 32
23 55
60 28
31 11
77 25
14 8
38 92
72 29
72 13
56 60
85 74
5 34
54 63
47 7
46 86
16 88
12 49
0 61
13 78
43 59
92 7
66 67
63 21
43 69
47 14
48 90
22 92
47 45
42 90
98 94
87 57
87 39
64 42
87 25
11 9
35 86
70 11
31 75
30 54
95 10
15 20
94 57
44 29
49 96
23 52
86 69
54 96
74 17
84 4
12 12
22 31
48 3
4 97
16 57
11 76
53 52
51 29
11 74
37 37
45 68
70 26
85 31
13 32
67 92
37 14
7 14
95 81
17 73
15 62
43 39
61 90
25 85
79 19
46 38
91 68
4 68
61 53
51 56
76 17
58 77
43 79
65 61
44 0
64 96
8 16
26 49
82 71
7 84
82 65
13 27
98 37
39 96
14 72
59 11
34 6
53 28
72 66
5 4
33 56
46 77
77 51
53 96
0 2
7 99
47 55
46 44
42 15
4 44
51 47
38 36
29 17
89 69
13 53
67 62
10 90
66 82
47 31
24 98
26 79
48 62
41 23
87 95
74 50
18 49
54 8
28 56
28 97
45 67
15 94
99 97
14 9
42 81
3 64
51 0
22 59
45 46
32 0
74 19
20 66
77 9
36 92
5 60
10 57
33 97
69 93
57 88
67 12
23 64
81 28
21 25
54 38
100 71
77 68
13 92
15 86
82 45
90 57
91 26
2 9
8 52
93 99
46 24
24 48
19 23
10 71
54 46
70 36
18 88
89 17
57 72
40 14
78 87
27 14
55 29
16 80
72 65
4 77
15 78
89 62
60 85
4 50
99 100
34 40
54 70
41 46
94 48
10 96
8 15
60 11
73 87
19 3
15 76
89 5
93 47
16 73
53 81
54 51
81 74
46 3
9 72
90 70
66 51
19 5
23 97
52 0
62 70
82 35
62 73
60 20
69 59
5 3
31 31
100 96
7 85
95 29
99 90
3 48
66 27
12 92
52 90
100 6
74 21
80 71
18 98
75 2
92 62
89 65
18 11
19 80
40 16
67 67
68 42
37 1
18 6
66 66
0 20
44 49
37 3
70 83
87 80
92 47
0 68
67 79
80 65
78 22
68 10
50 88
1 29
67 100
8 18
90 75
77 29
67 71
74 45
18 8
74 1
20 51
56 49
27 47
38 33
91 65
2 70
63 30
73 42
16 42
19 61
89 97
52 73
64 68
70 29
48 84
82 96
62 60
73 13
30 31
13 6
5 100
80 28
50 4
82 22
25 24
31 94
6 95
82 68
22 55
20 83
15 24
81 61
65 81
50 46
5 77
96 2
31 56
39 75
81 64
34 26
88 53
59 76
91 89
82 74
71 100
46 98
8 51
83 12
99 46
78 62
7 66
61 5
85 54
58 44
44 74
97 75
55 64
69 7
66 40
3 57
23 20
44 92
12 90
5 28
75 42
5 40
48 40
12 7
100 49
8 0
74 74
70 49
22 43
81 49
20 99
7 59
86 17
32 93
14 2
17 83
63 87
28 57
89 18
47 35
44 97
21 52
72 89
39 99
16 13
8 81
22 8
1 8
52 58
59 23
32 26
13 29
16 71
28 66
4 42
88 66
7 7
29 70
12 32
93 20
40 39
13 21
52 16
69 75
33 73
93 70
64 2
21 90
82 62
30 2
54 22
81 51
8 50
24 80
33 27
45 84
77 78
82 80
52 93
51 4
98 40
77 94
17 18
59 15
72 88
9 53
39 22
48 30
32 39
18 22
44 43
43 44
45 58
50 29
98 45
46 73
19 7
32 43
97 67
60 74
35 68
32 25
38 46
63 86
80 17
5 35
7 55
61 99
53 97
2 76
67 4
60 83
48 63
34 58
71 35
25 68
51 94
75 4
95 91
23 71
8 36
83 79
58 95
89 57
55 76
59 20
7 9
82 44
44 76
15 63
37 67
59 18
97 87
77 74
77 19
2 18
2 37
72 49
36 16
88 31
21 60
7 40
26 24
52 87
71 8
76 81
42 77
73 78
56 21
31 51
8 61
50 8
49 81
64 10
90 78
19 43
81 48
69 26
10 11
13 88
89 72
48 71
31 42
35 12
14 43
79 90
2 62
89 67
37 58
60 45
58 52
94 27
71 18
50 79
84 24
5 64
19 42
27 53
62 28
98 73
25 84
20 7
14 16
77 20
10 29
49 86
32 27
79 25
55 55
14 87
77 90
25 27
20 85
26 31
18 86
38 97
43 54
32 85
16 65
68 39
86 100
73 37
69 91
56 88
74 95
12 17
73 19
3 43
86 74
77 96
52 95
54 75
17 57
63 78
74 75
61 54
69 12
77 26
24 29
80 66
30 69
54 41
26 67
68 54
53 46
63 61
35 3
44 38
2 74
19 49
10 67
75 71
82 39
95 100
89 95
2 4
64 100
64 53
88 69
80 6
97 36
78 25
43 1
3 87
60 37
53 65
84 72
7 6
77 44
20 41
59 96
6 25
41 7
0 38
27 70
71 59
49 51
51 16
86 7
85 20
16 22
43 84
21 19
100 37
6 23
22 79
72 36
57 17
34 99
70 3
66 42
11 39
42 80
16 19
84 6
12 44
9 87
40 64
4 41
79 28
50 61
9 2
73 3
98 59
6 13
44 79
42 61
91 15
79 43
75 10
69 95
58 43
61 55
68 9
7 65
15 11
61 26
49 62
12 40
71 74
52 79
65 45
47 25
60 29
21 83
3 10
73 59
28 91
60 81
93 31
6 19
25 79
19 66
47 58
80 36
30 52
12 48
28 3
31 79
53 66
72 28
35 83
41 1
52 20
35 63
54 37
10 49
31 5
55 67
97 25
18 1
96 100
10 80
7 70
18 82
