1000
98 20
36 10
43 42
7 100
3 73
37 78
83 35
34 56
25 44
2 23
35 33
1 59
20 55
92 18
6 50
22 47
3 75
11 86
56 90
47 20
43 59
98 84
72 64
85 54
22 98
41 11
78 26
11 99
61 15
32 66
19 78
87 41
29 81
95 95
100 62
77 33
23 71
16 63
60 5
33 93
64 3
68 27
26 93
90 56
4 31
25 75
13 9
61 58
4 81
25 37
70 97
68 2
78 17
62 1
8 47
73 61
37 77
50 48
30 82
61 12
22 89
76 100
66 64
85 12
79 46
72 11
41 52
54 24
84 64
59 80
70 54
14 8
62 76
9 20
3 64
65 95
10 21
86 77
48 98
67 32
10 95
23 0
51 24
15 3
44 22
13 91
75 16
29 19
40 31
20 2
80 4
21 67
24 32
79 56
65 3
54 70
87 70
54 9
1 91
32 71
65 19
12 84
4 61
74 32
95 38
1 46
76 94
48 56
72 43
92 81
97 93
60 3
45 6
35 28
77 85
11 2
30 52
4 73
37 71
15 23
72 60
53 90
15 1
11 64
2 69
89 80
42 24
19 26
68 21
11 34
13 74
3 49
48 89
22 22
30 40
44 96
75 61
34 60
26 48
81 51
25 27
54 6
95 60
79 37
63 53
51 95
90 20
50 37
13 96
29 91
40 2
68 91
28 36
19 44
19 34
68 0
58 32
87 0
85 64
8 19
32 10
37 52
67 97
37 63
6 31
9 56
82 26
11 29
57 19
41 55
18 57
89 65
11 79
48 52
68 4
76 72
95 97
66 65
75 52
32 48
55 82
53 17
98 79
55 98
50 100
93 13
73 100
17 8
75 10
43 54
46 63
1 72
37 69
72 77
28 13
65 37
84 93
74 0
73 11
47 86
10 28
35 64
66 81
29 36
94 21
3 23
99 56
6 92
46 12
3 38
97 21
35 53
95 77
66 18
7 83
92 96
57 21
55 53
90 62
55 41
24 72
38 42
61 51
94 62
10 86
36 43
58 12
29 12
45 34
83 20
93 28
31 99
44 74
60 43
24 71
42 68
64 23
98 61
31 28
50 43
67 2
14 22
73 90
74 2
7 63
4 92
8 77
83 12
20 11
51 19
76 71
16 85
37 23
97 11
60 70
71 11
28 57
34 70
85 50
65 28
39 51
31 29
91 12
28 73
61 55
97 49
38 20
55 84
81 90
63 78
36 60
45 86
66 4
23 82
62 30
52 17
21 30
19 52
36 89
75 7
42 85
83 43
26 87
94 56
77 40
100 32
34 74
6 16
24 50
95 44
75 60
9 21
59 75
33 49
93 69
65 8
49 88
30 58
42 81
30 100
3 77
11 76
34 91
5 22
27 65
20 13
35 23
13 17
87 10
73 52
57 16
23 23
57 92
39 61
77 25
59 57
42 7
37 40
54 25
5 55
35 59
13 12
79 22
86 11
42 70
63 59
35 80
71 4
88 99
42 76
64 47
87 24
7 6
67 30
40 87
44 4
18 3
85 22
55 75
95 100
37 49
88 100
36 1
38 36
31 49
83 17
11 89
97 67
93 31
50 14
7 61
93 30
0 83
93 36
60 93
77 93
49 53
24 98
59 24
15 89
72 26
79 35
16 40
12 40
28 82
48 13
8 82
14 62
30 50
5 75
72 61
36 72
100 55
62 86
64 62
93 55
42 6
36 70
71 72
3 80
38 99
7 86
27 89
19 9
72 75
94 27
0 32
41 95
18 43
19 67
1 42
84 69
78 43
74 5
52 33
55 6
66 22
19 47
5 66
97 28
38 69
74 46
43 78
28 49
90 93
83 29
72 34
69 79
37 55
78 68
24 15
2 40
34 100
24 80
44 70
8 62
80 0
88 75
34 49
20 9
65 100
27 57
46 0
77 42
12 65
40 95
54 2
19 90
34 29
83 40
53 21
73 46
34 84
46 93
44 62
8 13
15 4
78 16
20 25
49 29
73 32
64 19
35 54
16 55
0 16
51 79
22 95
87 20
7 9
28 39
72 5
20 98
86 44
79 16
54 54
37 22
85 95
79 52
74 38
74 76
13 38
57 79
31 24
58 85
85 58
90 86
24 46
43 32
40 56
76 69
13 81
39 9
95 78
35 21
8 54
56 9
38 71
85 42
32 18
32 6
12 91
76 66
22 83
35 70
18 62
25 93
32 68
87 78
29 61
0 44
72 87
90 35
23 34
46 1
18 79
2 63
67 94
81 64
23 6
36 74
83 45
65 81
38 65
69 14
99 69
80 65
88 32
91 83
20 33
91 64
84 83
38 54
7 7
23 36
74 57
77 35
73 39
51 92
29 62
58 75
32 79
85 19
39 59
30 38
100 51
49 23
20 80
10 18
25 99
83 13
95 83
17 19
26 46
58 96
47 5
42 15
25 19
88 74
5 77
0 76
7 84
58 26
93 64
61 57
77 94
43 19
42 75
52 84
89 16
97 23
54 22
77 74
32 78
75 20
47 26
82 59
38 88
49 22
52 91
70 43
5 64
56 86
40 30
53 48
56 82
46 85
19 81
100 15
91 41
50 58
59 11
100 9
45 3
65 45
6 56
39 23
96 9
0 80
87 77
57 24
91 75
86 8
31 7
49 48
50 21
17 29
61 28
83 61
84 98
77 92
4 29
75 9
83 50
10 43
3 44
51 89
80 89
57 74
37 72
90 91
41 53
13 45
0 50
48 4
8 39
90 99
98 7
72 40
99 97
16 82
25 70
80 34
99 5
16 48
90 58
85 88
33 41
31 10
10 51
69 27
92 79
21 10
48 93
2 94
35 43
86 13
33 13
28 19
54 90
47 1
58 79
64 25
45 5
15 22
73 76
47 22
74 18
84 47
87 35
66 58
5 5
100 84
44 75
100 73
13 37
33 71
33 1
51 77
10 74
15 59
44 20
90 79
14 54
59 66
15 20
23 51
11 77
69 33
36 96
11 30
25 36
59 18
16 52
45 46
53 42
35 73
25 95
35 46
34 41
2 43
2 12
30 85
46 49
22 6
39 89
30 30
35 10
42 30
98 16
87 40
80 54
97 84
38 31
53 94
97 97
11 19
55 18
26 97
92 95
28 98
95 66
30 5
45 9
73 75
77 55
43 94
80 44
97 54
56 52
74 3
15 39
49 74
9 43
13 36
73 13
3 65
88 65
50 2
83 23
57 37
7 96
18 74
93 4
70 64
55 32
62 82
50 45
67 48
11 1
13 20
52 51
99 52
6 38
2 61
48 46
51 40
60 17
6 47
24 89
84 14
40 88
78 4
50 27
70 92
73 0
46 4
38 15
47 53
11 51
60 34
26 50
38 74
71 54
71 10
60 48
15 13
21 38
13 33
20 77
66 87
64 39
70 36
20 54
20 8
75 80
65 71
66 27
21 40
1 19
27 20
83 3
90 96
62 28
55 58
7 59
66 3
65 50
13 6
41 34
80 6
81 58
85 70
25 55
24 59
17 41
18 75
92 59
100 98
10 83
41 21
27 90
21 58
94 91
43 70
91 54
9 64
47 44
65 27
91 57
72 57
29 0
14 70
0 61
91 78
21 97
71 24
36 11
8 58
21 43
43 17
88 89
67 62
88 1
96 88
2 49
79 50
75 31
72 31
75 55
98 60
76 61
54 33
51 16
70 1
58 68
99 26
46 17
35 81
79 23
79 26
69 13
17 50
62 88
26 52
99 22
66 85
61 50
52 34
78 48
78 15
88 93
45 29
63 13
12 30
14 87
9 62
84 27
52 64
3 48
1 83
85 9
17 7
88 15
13 40
24 81
64 8
26 79
49 2
81 37
42 54
44 65
67 22
3 78
47 47
62 15
59 59
61 20
58 25
41 62
66 32
83 82
48 43
97 100
3 13
30 99
52 6
2 35
96 29
65 24
62 93
83 32
22 20
85 16
31 89
14 10
51 72
51 64
81 69
54 7
59 83
56 63
9 12
5 11
60 26
8 99
98 39
69 23
72 0
41 38
54 83
99 19
18 59
50 68
44 91
67 52
14 82
99 62
20 34
3 6
8 73
86 43
91 63
58 100
28 64
70 26
91 39
37 100
92 38
78 70
46 94
78 24
81 63
66 91
31 68
2 3
12 7
34 88
26 8
48 6
33 10
1 92
67 67
74 82
10 35
26 4
60 54
79 97
47 77
72 24
9 52
42 33
33 73
26 60
75 22
28 17
20 32
81 57
36 84
47 81
11 87
35 58
25 34
8 35
30 41
3 19
83 49
60 2
94 55
3 81
31 58
20 21
56 87
58 18
0 77
20 95
6 30
80 75
59 44
66 80
78 58
42 80
20 1
42 37
23 78
51 39
45 45
60 90
6 54
4 35
92 99
6 42
89 81
90 33
35 27
89 63
24 31
95 6
19 29
40 67
82 92
35 99
15 68
43 86
34 92
10 60
58 43
90 13
14 73
14 64
37 54
9 39
87 50
21 41
25 4
16 79
0 24
57 30
26 37
1 57
46 44
