1000
16 65
60 96
98 36
30 52
61 30
82 12
80 26
30 70
97 96
57 67
76 24
82 17
90 60
69 53
59 72
5 41
98 40
70 90
49 79
72 68
12 71
100 27
84 79
7 13
23 13
40 66
51 58
85 79
55 29
86 29
54 15
82 70
83 19
93 17
16 44
49 58
98 80
95 10
11 33
30 0
6 80
42 19
77 82
2 82
12 81
87 75
88 57
97 72
81 93
64 46
65 9
39 94
81 94
88 96
43 36
95 65
71 53
53 7
5 50
53 19
23 51
100 14
50 87
21 24
21 44
45 86
18 21
67 93
99 8
28 3
75 47
34 5
78 99
5 73
14 3
41 66
75 94
23 60
53 76
5 32
6 3
54 19
51 54
79 10
22 11
22 97
81 37
60 28
45 12
4 27
59 35
70 45
32 73
28 29
90 10
93 79
73 95
24 18
59 94
71 58
23 80
32 14
74 62
90 20
51 98
11 26
10 80
28 93
32 25
41 65
24 14
3 95
26 41
15 85
98 52
33 6
35 85
48 79
78 89
76 33
63 47
13 44
87 83
3 93
45 44
56 55
22 82
67 62
30 2
70 10
38 10
18 45
0 67
54 44
57 54
8 49
0 51
66 51
52 70
97 95
41 77
37 63
43 93
91 62
81 15
12 66
48 53
72 2
3 63
10 35
44 90
88 75
88 58
19 53
30 48
8 96
72 95
43 56
12 0
15 84
77 65
45 62
24 32
16 83
41 12
54 41
17 59
1 94
33 43
61 43
97 1
92 47
33 90
71 19
8 8
21 81
66 60
81 69
1 97
71 20
6 90
28 58
49 82
22 19
1 81
40 22
73 84
25 68
19 12
59 55
29 7
35 50
68 8
19 66
58 84
92 67
8 99
56 62
82 93
84 78
11 18
80 66
61 69
91 25
57 24
95 73
49 8
33 69
31 7
14 39
16 71
84 0
90 89
16 49
71 97
97 33
52 89
57 14
10 53
100 15
49 56
90 27
20 64
80 40
53 57
97 38
42 36
18 30
84 62
26 57
66 40
64 58
60 50
11 52
5 70
82 24
57 89
90 14
77 41
17 79
20 37
9 53
28 0
14 65
24 33
85 12
85 22
67 76
85 30
95 92
1 12
21 77
48 5
35 4
20 90
36 47
23 78
11 51
49 26
71 29
51 55
3 1
70 27
49 20
56 57
72 79
35 83
46 19
77 84
54 54
47 68
51 32
11 22
0 85
23 50
50 13
54 80
90 7
65 47
32 65
34 0
8 81
65 80
14 88
58 6
52 9
36 1
81 36
14 28
51 63
55 58
8 68
63 93
47 71
86 90
3 78
18 18
67 22
23 89
61 65
25 13
34 73
30 91
0 59
59 41
40 62
29 86
42 1
16 10
48 22
19 0
32 22
56 68
1 5
22 35
46 60
35 61
48 16
5 3
62 29
78 55
96 67
47 37
97 85
96 53
35 7
9 48
31 33
40 53
23 49
66 56
65 92
46 66
55 26
83 54
97 70
14 95
3 29
59 21
49 59
94 54
84 47
49 63
47 84
9 16
19 87
35 70
2 23
31 30
3 77
12 59
44 2
97 98
17 44
84 28
80 21
54 42
4 28
63 34
42 87
88 89
90 86
29 25
43 4
36 71
38 46
85 9
34 43
34 45
23 8
80 33
66 21
33 0
24 5
87 94
96 9
51 71
40 86
25 34
94 45
51 29
13 59
47 40
52 27
30 76
96 71
48 38
95 88
60 92
95 4
96 24
7 59
78 29
39 98
75 59
41 51
88 54
91 69
90 87
62 18
33 48
34 11
62 0
83 31
74 85
88 84
38 66
89 82
19 76
61 20
48 80
95 56
42 67
60 98
62 4
16 59
92 74
55 17
46 70
1 29
36 10
57 52
26 89
13 37
92 21
70 67
5 98
83 63
80 13
25 45
62 55
74 37
85 35
63 83
12 22
65 68
78 52
26 95
50 67
97 43
71 81
83 16
45 91
46 36
90 19
70 24
3 2
0 69
47 92
52 4
67 28
47 6
40 37
16 27
40 78
91 80
47 4
93 15
72 69
59 10
55 77
41 22
5 88
65 56
75 29
60 34
90 68
42 41
84 85
14 37
3 37
38 23
73 32
48 100
100 28
63 31
45 4
23 3
76 45
39 56
10 52
93 12
96 50
89 76
0 48
85 75
69 83
0 60
20 32
41 82
9 23
69 74
95 98
80 53
65 76
37 20
51 41
2 47
41 90
99 72
26 42
31 83
38 12
14 35
73 66
24 60
14 78
75 23
32 58
0 44
51 64
67 15
24 3
48 0
93 16
57 17
71 9
80 9
34 97
32 23
48 86
92 91
14 50
11 41
56 76
3 96
41 58
37 61
25 23
99 36
74 21
17 41
46 99
51 34
41 91
22 88
26 97
99 26
26 7
61 52
16 88
61 64
5 76
18 62
53 92
33 59
47 94
43 90
47 20
71 79
16 50
10 36
72 25
36 51
56 77
88 67
87 100
0 45
15 16
13 77
35 32
31 16
71 22
29 49
64 39
93 54
5 84
2 86
22 17
6 54
56 70
88 29
83 51
77 23
67 3
42 79
44 1
59 57
8 15
13 46
79 52
82 4
43 84
88 78
21 67
6 1
16 86
9 7
92 41
91 32
53 74
19 92
64 80
24 53
80 34
49 50
38 7
55 34
41 35
33 13
11 80
33 49
53 59
76 16
84 8
80 28
59 14
94 2
9 72
37 47
58 61
90 5
64 38
1 25
89 98
55 59
78 70
82 67
11 37
74 18
78 3
24 31
41 50
88 35
23 90
35 80
2 57
81 56
27 60
34 61
27 51
77 36
21 36
67 51
72 58
67 11
33 7
34 28
5 52
17 6
2 3
62 44
62 100
90 98
86 10
67 27
74 70
12 30
3 5
65 8
99 55
12 58
64 70
39 71
45 24
13 88
51 1
32 82
42 82
18 56
59 83
45 13
28 94
74 53
65 97
10 89
58 0
58 48
65 64
28 53
100 59
31 31
78 63
11 85
16 81
17 22
54 12
4 88
89 78
40 93
54 98
21 13
52 49
35 84
8 27
51 97
86 66
99 50
11 73
23 97
89 60
82 95
64 3
13 81
48 95
75 76
3 50
25 20
17 89
98 6
97 32
25 53
63 7
38 92
65 28
9 19
75 0
63 19
2 36
57 62
88 38
34 10
62 75
99 97
4 55
51 49
84 61
11 63
89 53
83 25
69 52
23 96
38 84
57 34
0 26
1 21
97 86
91 99
63 39
22 29
79 97
35 24
51 80
31 40
25 12
27 37
45 79
86 42
62 37
66 5
89 29
95 33
47 64
38 90
48 73
11 31
34 83
89 54
73 28
78 65
96 8
100 100
42 5
53 93
44 35
91 84
18 12
6 34
3 40
22 8
23 75
48 45
35 90
3 17
43 67
70 9
65 2
82 55
62 13
77 53
84 19
24 39
35 93
95 19
31 10
1 17
64 68
30 63
75 80
40 74
29 39
90 92
19 95
56 14
79 78
7 38
21 5
58 60
77 71
10 76
88 100
62 64
20 21
13 36
52 28
91 53
20 12
24 61
9 25
68 5
87 17
8 36
6 11
71 49
98 67
36 57
50 6
91 38
89 80
34 89
44 27
5 95
45 14
89 94
22 44
97 57
54 33
92 96
34 81
54 71
7 49
16 61
71 59
44 68
61 21
22 96
58 21
37 48
44 10
27 34
69 80
50 18
85 67
0 91
94 32
47 78
74 32
70 30
71 8
98 55
88 6
11 46
20 26
34 99
51 19
81 88
92 79
9 21
16 98
68 96
27 11
28 24
33 31
59 6
83 56
42 89
36 99
72 47
74 100
29 43
28 42
4 65
78 86
91 88
54 91
60 41
72 92
26 98
73 53
35 19
18 98
37 76
62 11
37 54
95 50
64 33
99 81
84 38
42 74
4 37
81 70
32 86
45 85
13 38
6 40
28 84
37 79
94 93
77 3
66 1
14 52
37 28
60 54
49 47
30 9
11 32
85 50
38 11
74 72
86 36
36 70
71 15
91 60
82 3
84 5
26 24
27 56
84 53
2 77
72 5
34 47
90 1
34 14
82 41
1 70
90 85
38 62
76 21
43 12
78 14
25 18
78 23
38 86
79 76
2 15
17 45
31 84
48 14
77 29
87 14
48 28
49 28
52 18
12 43
57 80
55 97
94 3
55 8
7 75
97 69
94 55
10 8
65 77
78 10
72 29
48 76
94 89
38 27
73 43
2 24
97 25
72 94
55 4
59 87
98 90
35 25
71 7
36 97
63 59
21 93
50 40
66 92
8 97
26 18
52 7
79 15
14 79
4 29
10 83
0 98
40 100
16 48
17 86
12 21
86 33
89 19
16 57
99 71
37 1
51 52
6 85
47 95
41 1
27 84
63 18
76 20
58 99
79 34
41 62
86 63
47 34
43 65
77 49
59 3
70 47
72 17
90 56
66 65
61 35
32 15
