1000
53 36
34 13
38 89
8 6
94 54
89 27
19 75
66 99
70 36
29 60
50 58
100 18
9 57
42 96
91 53
100 56
17 28
90 54
55 13
25 30
39 94
78 65
91 56
37 15
71 39
46 67
78 1
24 5
41 13
9 39
80 89
6 81
45 21
37 70
82 26
100 0
74 93
19 44
70 25
38 90
71 23
50 48
98 39
85 5
6 92
12 30
94 63
80 41
98 27
85 95
4 39
58 20
6 6
76 23
90 82
36 60
79 38
88 88
43 14
42 42
0 18
3 100
43 49
43 30
21 4
61 65
29 1
100 77
59 68
65 65
43 27
58 60
18 39
74 73
7 60
17 96
16 1
47 84
34 90
81 9
59 80
33 30
23 66
80 11
78 70
10 78
1 2
43 5
82 6
71 6
17 3
47 50
56 97
58 22
16 97
33 34
51 96
48 77
87 40
0 74
68 30
17 74
83 35
79 21
74 64
66 82
63 3
68 35
94 94
29 99
46 41
88 72
94 20
92 6
84 74
36 9
72 14
12 68
24 37
20 73
38 20
83 38
65 3
28 77
79 59
56 63
59 15
95 9
10 66
95 47
61 62
45 9
17 21
25 66
73 93
18 41
70 31
95 15
70 9
15 7
18 37
86 48
8 93
3 2
79 48
81 79
52 97
56 8
76 11
48 17
10 96
39 60
80 50
13 41
18 62
92 41
82 39
18 78
54 59
79 99
48 8
3 33
59 91
54 42
12 49
58 31
95 62
53 3
64 56
87 77
93 54
22 37
97 95
88 20
29 38
52 90
31 60
31 75
48 72
1 62
98 63
18 26
68 2
94 45
13 52
67 20
69 64
71 59
4 72
58 89
50 64
15 51
9 4
65 32
38 56
42 65
15 94
74 53
93 70
99 35
28 6
91 65
37 79
53 88
46 85
70 54
44 55
88 32
84 28
14 87
55 36
51 4
88 53
16 14
36 89
38 51
67 99
90 38
19 3
83 32
90 35
91 73
12 41
62 74
58 66
60 48
99 97
89 4
38 93
26 67
20 6
28 27
44 61
18 42
67 86
59 2
44 30
20 54
98 78
66 76
71 16
74 15
82 30
18 61
82 42
43 85
38 86
49 29
55 71
19 70
77 24
40 35
91 75
49 24
49 23
46 43
53 76
20 0
79 7
10 98
87 60
48 89
47 79
37 56
33 43
26 52
58 21
75 96
88 8
64 89
47 83
74 50
4 21
36 96
45 18
92 7
40 70
8 81
12 57
20 44
34 18
89 9
12 38
59 64
78 97
49 87
57 77
80 84
28 55
83 97
74 84
27 12
15 78
43 98
52 79
19 90
8 59
24 0
36 84
23 77
6 73
91 21
91 16
28 90
86 47
34 34
48 41
83 20
72 1
26 36
34 6
58 0
27 55
63 18
34 10
71 40
63 8
97 60
15 60
91 86
54 62
90 77
23 74
17 81
99 9
3 48
21 61
95 88
59 77
76 60
18 33
16 75
53 100
3 20
5 35
69 99
41 77
20 70
42 71
36 29
17 69
45 17
28 56
35 0
49 20
30 46
96 10
16 55
57 7
85 31
53 47
63 22
32 65
82 44
78 20
77 18
45 32
56 3
79 91
44 56
76 44
12 44
9 64
47 41
81 26
16 13
70 65
42 49
40 39
80 57
12 53
14 92
10 29
42 55
97 42
79 90
84 69
13 72
47 64
2 55
97 81
31 63
28 20
87 89
62 33
60 58
18 51
90 12
46 65
10 23
16 27
71 15
93 37
53 63
94 47
2 60
94 44
99 6
22 16
82 86
78 79
100 78
11 88
84 63
43 83
15 26
44 68
35 70
12 33
74 65
7 40
63 57
28 3
15 67
91 57
11 1
95 37
12 4
66 22
86 54
24 61
30 73
67 52
23 22
41 95
100 98
7 51
92 71
21 27
15 37
12 88
6 77
9 16
78 17
90 81
92 38
61 75
85 73
59 79
60 69
26 77
9 45
40 5
77 70
15 23
69 23
78 60
13 94
50 53
66 96
84 76
47 13
34 74
13 88
30 71
86 6
92 57
63 79
52 53
42 4
14 12
42 44
23 36
2 54
21 29
36 91
79 10
4 16
12 45
61 39
98 33
82 98
22 91
85 40
76 75
17 0
62 86
44 98
55 60
32 39
68 85
13 53
44 88
3 45
50 45
2 70
7 76
27 2
40 22
73 26
51 60
26 43
8 96
91 27
61 32
58 37
41 38
54 66
8 90
27 4
96 73
57 84
21 74
90 85
65 35
9 75
98 46
64 81
25 23
94 77
62 39
23 10
5 74
14 97
22 100
85 59
87 17
66 0
48 40
82 31
36 21
51 65
47 65
46 44
53 33
84 5
22 18
9 7
32 81
42 36
79 57
55 50
0 50
5 42
90 28
47 88
38 23
21 1
56 11
24 98
81 60
21 50
19 82
35 20
57 59
90 66
24 90
46 81
66 85
57 86
88 99
22 74
73 90
23 0
5 26
1 89
11 9
36 42
58 61
56 76
9 98
49 55
30 12
56 71
31 34
45 28
9 100
84 94
26 30
64 50
62 40
70 48
33 65
63 30
83 83
35 82
83 58
99 71
91 24
22 13
8 26
40 74
62 41
63 17
71 3
39 27
39 45
90 9
94 46
43 32
100 53
75 28
99 58
16 86
9 78
67 97
9 92
98 64
99 61
0 13
8 73
73 87
55 97
57 29
82 95
50 99
68 61
21 14
17 37
40 33
39 92
5 12
42 90
88 16
39 100
2 90
9 80
54 0
85 57
93 66
72 73
57 18
91 34
56 30
79 44
48 32
74 36
35 17
19 11
94 12
7 80
81 53
32 18
45 86
0 53
81 73
19 92
7 89
57 91
68 86
77 43
93 96
82 10
28 13
50 75
61 73
45 5
30 79
8 33
69 0
48 49
0 67
56 35
81 90
79 15
34 30
8 49
94 19
64 66
40 34
6 23
27 3
86 77
91 42
98 44
39 91
62 10
34 26
50 52
30 76
19 30
31 24
26 32
62 27
27 98
75 57
87 90
2 82
68 79
86 5
49 8
100 71
18 38
39 97
11 54
99 98
65 52
70 19
48 27
0 44
33 97
33 64
16 18
43 87
54 53
1 87
38 91
28 41
98 70
68 60
45 7
89 95
58 15
15 2
74 31
94 49
92 43
52 31
61 31
37 51
94 36
79 63
64 16
88 0
70 50
22 15
92 64
22 32
34 82
81 63
17 98
87 51
48 16
44 46
50 66
17 23
66 37
88 64
35 98
97 56
70 71
2 89
31 30
6 59
6 31
44 65
63 37
76 37
35 12
54 52
64 80
8 48
1 63
46 96
4 19
84 11
49 81
21 65
98 5
31 76
41 97
65 57
60 73
25 37
20 46
75 23
12 32
76 100
51 32
67 28
72 56
84 99
81 95
66 29
44 48
60 65
67 11
42 6
56 25
32 30
64 47
88 27
51 87
36 20
74 63
92 25
93 22
75 48
16 65
98 98
2 59
25 22
66 84
99 82
84 54
94 38
71 19
0 45
89 28
63 60
90 63
31 11
42 59
72 5
67 87
88 36
10 95
35 19
45 72
60 50
92 27
5 1
70 52
16 96
20 53
68 68
89 87
1 36
13 4
82 85
42 10
2 33
32 54
70 15
52 62
10 40
15 12
83 57
66 55
11 92
35 65
48 63
11 48
75 84
89 98
56 68
89 6
75 99
38 18
81 7
80 9
49 52
89 84
9 26
80 42
50 22
8 38
51 72
20 9
82 73
66 3
0 80
10 12
43 37
37 65
38 27
28 23
83 76
72 26
62 55
63 77
71 89
96 82
59 52
36 47
61 22
36 98
30 93
56 36
21 86
2 9
100 89
2 76
3 32
33 32
99 12
27 52
51 78
100 84
26 1
66 39
44 31
29 26
31 16
20 90
92 92
83 95
66 98
41 24
64 42
9 56
88 46
39 35
99 7
40 54
99 75
99 8
31 91
6 61
69 90
62 77
40 38
12 64
87 74
61 90
4 89
24 52
67 18
31 21
51 63
46 1
52 60
91 8
54 86
6 60
3 14
46 76
16 78
51 24
81 71
83 45
89 49
61 24
62 47
57 88
38 71
74 29
32 75
85 54
88 3
49 85
93 84
35 16
18 59
4 14
18 52
97 12
40 17
84 90
55 21
19 100
51 38
17 76
23 21
42 50
10 74
25 46
42 1
48 95
95 54
46 53
63 91
31 86
75 58
63 84
6 11
39 65
0 33
20 66
26 68
24 11
7 90
54 49
30 5
85 77
42 23
78 26
29 69
6 43
73 75
16 62
12 39
76 33
34 68
60 20
96 47
94 97
47 24
34 79
50 59
76 98
68 52
37 33
77 77
85 94
47 91
75 66
82 12
0 73
74 19
20 97
55 34
24 47
59 58
91 84
32 7
63 33
39 86
64 62
9 46
13 75
88 29
84 24
50 80
0 16
41 52
17 100
32 6
85 41
56 32
