1000
24 67
94 71
18 42
37 54
4 21
11 63
42 2
47 64
90 9
92 21
65 51
15 0
8 30
7 11
31 75
34 71
35 64
28 7
91 34
40 57
49 92
23 91
50 51
53 39
73 36
0 37
72 83
16 2
52 6
25 4
11 32
16 51
31 95
13 20
67 33
21 0
63 55
44 14
100 86
0 82
96 74
18 51
6 75
82 0
53 72
12 44
53 43
24 80
53 11
39 96
71 67
80 97
51 13
92 27
30 27
99 12
29 25
13 84
49 17
57 65
82 28
43 16
14 26
9 31
62 57
8 58
65 85
9 91
34 54
97 0
34 82
65 72
39 53
12 65
17 31
26 26
38 34
64 36
38 81
30 96
26 68
71 44
10 84
11 9
93 31
33 54
14 30
37 31
1 6
89 91
39 18
46 51
7 27
23 55
98 53
45 58
91 41
10 54
96 75
99 38
85 40
71 91
27 34
82 50
23 89
18 91
96 66
76 35
70 65
48 32
30 87
37 93
92 92
64 22
40 26
76 11
81 76
49 56
44 16
25 11
68 87
78 88
76 94
1 17
69 23
5 43
68 39
99 68
98 19
11 6
30 39
99 16
76 21
10 34
20 16
20 90
7 28
63 16
85 89
89 82
73 27
16 43
78 44
15 65
49 87
5 2
72 72
56 39
51 86
7 20
89 74
57 71
92 82
83 35
18 84
5 45
93 70
67 92
31 48
94 77
87 65
67 57
39 32
72 51
31 33
5 13
77 32
15 88
10 96
71 21
54 15
45 6
12 12
15 70
9 34
13 100
67 66
45 50
13 41
87 23
57 79
98 3
91 25
92 11
31 88
32 74
50 77
70 21
28 10
89 8
31 58
5 10
48 70
99 100
40 54
18 53
58 63
45 18
74 2
63 57
47 54
41 83
43 42
67 17
87 75
83 88
8 49
91 33
48 35
58 70
94 86
35 83
49 79
35 6
94 16
50 24
54 63
95 19
64 10
38 78
30 55
19 53
33 70
5 17
41 49
35 63
48 54
49 39
32 29
67 80
11 53
24 12
7 73
48 58
68 75
67 45
91 35
32 54
22 13
55 69
61 76
79 49
25 73
23 85
54 71
3 36
76 1
98 10
89 28
80 44
73 1
84 34
28 76
43 8
54 99
80 62
76 8
5 90
88 90
100 63
97 22
17 1
92 66
98 11
67 43
10 47
1 14
38 15
23 42
52 49
55 95
42 86
94 1
79 25
3 92
2 26
19 6
7 64
16 23
96 96
40 17
85 53
80 78
100 2
27 51
98 21
18 96
67 93
96 7
30 46
49 100
83 47
11 21
47 79
62 56
81 98
55 43
3 11
45 69
92 68
91 36
77 66
47 29
3 80
51 22
47 98
54 45
33 9
43 73
12 76
75 71
98 73
7 90
51 76
21 98
39 56
70 37
31 38
56 29
80 87
12 38
56 16
71 43
37 10
3 26
57 57
44 7
42 4
9 78
77 36
87 19
32 70
35 84
44 72
41 67
29 94
57 90
36 90
14 15
20 62
13 78
29 99
72 82
27 48
31 93
61 14
30 71
40 66
33 26
35 68
29 47
2 70
21 6
65 15
40 99
47 28
51 7
25 28
92 87
95 35
97 64
54 33
9 80
88 82
11 15
84 64
86 13
63 49
53 68
5 15
18 61
3 18
60 11
97 39
98 48
85 56
70 49
100 58
58 53
54 13
80 32
99 89
71 13
7 79
16 87
91 88
63 35
22 57
43 47
32 4
85 9
13 64
1 28
38 86
2 63
3 14
5 52
63 39
19 56
66 13
79 36
82 46
16 90
8 42
34 33
78 83
65 7
61 74
6 63
35 11
58 30
45 12
48 11
38 27
44 5
88 18
99 84
34 62
34 23
18 1
17 21
96 70
15 3
89 60
43 81
68 25
35 4
24 38
56 3
29 33
3 30
0 62
95 66
4 31
0 0
29 37
20 4
91 87
99 50
93 40
77 25
73 83
75 35
68 38
85 47
58 62
81 80
70 15
63 32
52 28
8 90
72 14
43 35
76 3
6 26
50 99
90 68
26 53
81 5
20 19
2 57
98 81
54 97
50 92
51 43
86 41
18 45
77 87
2 31
89 55
65 27
71 86
36 95
50 67
56 69
88 71
18 23
67 26
59 34
78 56
3 61
58 45
86 42
29 91
37 63
45 31
17 41
72 26
40 5
54 78
88 44
53 97
4 19
83 85
29 40
68 19
41 73
54 68
3 6
34 96
64 57
65 4
52 71
77 19
61 28
89 42
94 15
27 7
76 100
1 48
94 20
23 17
62 2
18 74
54 22
71 52
13 85
15 64
41 33
18 29
86 34
93 19
51 2
52 87
63 85
61 32
88 70
68 33
66 82
60 93
69 87
70 13
44 80
33 77
74 33
89 95
45 34
64 27
8 13
63 22
95 97
80 27
52 81
20 87
71 57
1 85
61 90
53 35
29 53
89 1
83 38
95 25
84 53
6 48
35 94
44 19
44 63
73 97
12 96
27 9
88 25
77 53
5 67
73 14
25 7
95 58
90 24
7 13
38 82
45 55
89 81
34 66
25 15
56 9
65 63
14 60
69 79
50 50
9 41
69 70
90 58
3 77
6 78
70 57
92 91
61 52
55 58
1 67
75 78
88 47
62 13
68 71
67 67
80 8
5 34
28 89
62 47
17 4
64 79
41 65
87 17
81 82
71 87
11 5
42 91
73 49
59 45
5 69
2 49
22 93
12 11
45 30
20 32
33 36
4 87
22 46
42 10
81 38
64 96
49 41
45 28
29 69
23 49
8 57
24 66
53 88
81 95
43 51
48 73
51 60
50 41
28 17
100 10
60 41
3 91
61 45
14 97
23 4
48 67
29 73
77 99
6 18
79 80
58 78
79 95
49 72
86 5
70 100
41 92
59 9
58 36
86 94
46 56
88 48
56 41
64 15
32 9
33 44
10 6
36 20
44 57
57 87
86 1
27 52
95 100
87 39
20 2
52 51
27 50
22 73
52 40
36 52
99 95
87 5
32 56
82 61
0 53
59 52
14 12
68 96
12 87
33 25
92 42
29 61
9 4
56 1
83 30
13 36
9 72
10 53
18 60
65 13
59 19
29 6
82 19
26 34
56 7
92 22
93 99
61 20
89 3
69 9
64 62
78 2
90 96
71 93
2 86
26 47
50 31
97 14
86 85
3 47
41 1
65 88
5 5
59 64
37 18
93 50
82 3
41 77
18 64
82 26
53 62
59 61
77 67
18 40
51 67
64 63
54 28
17 46
36 72
31 100
27 5
74 8
12 14
54 30
53 60
41 26
62 5
58 47
96 87
64 83
62 9
15 67
0 88
99 86
20 77
51 34
24 54
44 71
33 45
17 23
81 31
99 65
65 17
35 75
0 56
81 49
96 86
94 64
95 15
51 98
36 73
87 57
54 47
55 12
10 23
65 31
85 42
10 56
24 76
62 27
86 14
23 77
29 87
71 64
30 48
11 43
44 28
51 25
90 27
63 44
92 97
68 35
91 67
84 66
7 65
70 42
96 99
67 41
17 37
68 41
60 33
70 9
33 99
72 75
26 7
10 52
71 15
26 99
66 93
47 87
16 33
56 85
4 28
85 86
4 93
78 47
8 63
72 79
75 13
69 51
63 78
26 5
64 94
95 77
31 13
98 82
57 100
30 40
25 55
30 67
96 71
77 16
59 44
4 47
49 58
85 17
38 73
9 75
59 77
65 28
63 71
49 34
40 38
66 63
29 44
45 48
54 58
100 28
26 17
36 60
71 36
20 13
7 86
45 35
18 24
55 56
86 87
81 97
91 14
44 75
55 91
74 10
7 82
84 35
75 40
33 4
45 7
60 49
25 8
13 94
79 97
92 59
89 59
67 38
60 64
98 40
66 6
80 38
6 12
21 11
70 6
78 78
39 43
50 94
88 40
0 83
10 8
31 30
12 94
78 18
42 54
40 75
93 98
53 37
91 82
9 95
73 30
13 60
33 20
60 44
9 60
55 32
52 18
96 100
8 41
0 57
58 96
92 64
45 38
87 55
88 93
69 65
91 49
27 38
68 76
4 50
88 22
9 8
23 66
83 57
46 55
83 82
62 31
24 8
57 28
37 3
79 91
53 6
86 95
19 74
31 19
78 82
19 51
27 86
19 88
88 11
65 10
67 48
20 60
34 85
82 47
74 54
2 16
92 37
100 21
65 12
18 4
90 49
64 40
16 39
60 59
60 71
37 11
52 93
12 31
21 31
80 26
24 30
97 50
14 80
36 17
10 72
44 74
23 2
76 14
98 49
23 38
27 95
21 63
41 41
61 64
53 29
85 63
79 20
14 70
17 64
15 26
46 53
64 77
88 37
86 83
48 37
94 11
74 92
44 93
25 30
42 49
35 92
56 64
76 75
87 67
71 79
98 63
99 17
33 16
0 66
60 55
52 45
32 97
31 57
15 90
62 33
77 34
79 27
94 89
94 17
26 19
65 90
