1000
32 25
85 45
39 49
0 100
4 11
84 14
3 34
19 1
82 80
84 32
98 21
5 39
70 0
90 25
3 79
63 44
73 88
31 82
32 46
66 90
41 13
46 10
15 80
42 65
23 59
17 51
50 6
49 27
50 84
7 80
25 50
50 31
36 70
78 80
62 80
94 100
28 30
94 18
89 37
28 5
85 68
95 40
36 69
17 64
37 20
38 12
74 86
95 88
81 75
13 45
33 25
20 0
65 89
38 15
16 62
1 16
88 97
30 16
93 84
18 11
97 6
43 19
35 66
99 94
2 26
14 74
10 91
7 89
13 0
7 97
95 15
53 81
0 6
77 57
65 60
10 44
2 76
3 12
24 87
99 14
45 32
31 69
71 12
42 3
57 8
19 65
85 28
12 32
28 50
55 87
18 91
52 92
4 87
31 25
56 44
3 71
17 79
1 64
61 71
20 92
16 53
95 10
11 18
20 4
13 1
80 52
27 2
5 82
20 89
54 7
71 6
100 78
47 88
12 43
30 49
48 89
16 39
57 30
77 22
12 100
43 32
22 72
25 48
92 95
55 56
49 1
55 31
58 40
73 75
66 37
53 2
30 69
16 22
34 54
77 46
79 17
86 91
0 1
17 26
69 26
68 12
37 85
36 48
15 10
50 67
98 80
19 43
63 73
100 13
54 62
86 83
18 41
46 51
38 74
78 52
4 10
92 37
100 91
82 88
91 44
100 98
16 28
18 29
58 56
56 40
37 34
94 0
56 96
33 35
59 51
24 40
64 37
57 70
19 37
92 81
26 21
93 66
62 57
24 35
61 1
6 42
77 45
37 10
10 74
78 77
78 16
16 65
78 78
82 19
16 42
5 90
36 92
35 8
11 92
46 14
13 97
97 2
31 97
56 94
16 73
82 47
56 73
1 5
21 73
37 27
61 6
25 29
81 43
0 54
67 89
9 3
82 2
84 75
53 87
4 76
10 15
48 77
61 41
31 89
25 11
60 51
28 53
68 81
6 79
92 26
50 19
73 69
45 66
69 21
48 24
49 76
65 63
44 33
30 32
15 48
17 40
69 62
60 94
64 1
52 49
76 95
32 89
39 69
37 61
42 35
19 11
95 21
83 83
67 91
9 41
54 80
32 1
50 69
65 12
79 76
66 25
8 56
88 8
80 33
73 40
43 28
25 53
84 52
85 91
31 0
70 48
2 1
78 29
49 15
67 90
31 12
13 57
95 44
72 100
60 14
16 94
11 33
56 67
84 77
55 84
84 91
83 20
60 70
46 35
62 25
95 76
85 18
96 52
43 90
44 34
54 49
78 87
44 86
58 26
61 50
92 86
39 79
59 16
47 24
43 18
68 59
60 90
20 50
28 18
3 42
76 11
1 86
92 54
23 27
80 90
87 44
65 41
44 19
18 90
83 56
89 84
98 90
57 19
37 59
70 16
65 87
9 27
63 48
84 0
21 32
80 54
17 15
61 74
37 18
52 64
79 83
33 86
40 91
4 12
23 96
36 68
60 4
14 54
15 84
73 50
26 10
76 99
21 41
9 86
61 16
14 59
11 12
97 12
0 61
64 72
39 62
55 17
92 23
99 9
33 77
63 53
52 20
71 34
49 16
45 85
77 95
53 90
51 85
65 20
29 30
47 82
81 26
30 12
34 23
73 37
77 43
85 2
99 45
60 78
70 34
38 61
87 89
47 1
18 21
82 94
66 75
89 92
72 68
68 17
24 46
51 99
31 99
40 20
92 62
4 61
18 14
88 47
97 99
99 43
32 70
25 9
96 68
87 39
40 55
88 88
42 25
100 40
30 79
82 24
85 31
85 82
23 44
50 4
11 85
98 88
58 10
91 88
72 13
13 88
38 9
32 95
14 30
33 33
32 58
54 29
74 52
64 67
60 15
79 69
79 30
36 65
6 8
33 47
71 48
19 78
27 77
34 24
15 9
53 93
84 87
17 62
19 3
59 87
2 27
49 22
54 15
68 2
25 89
71 84
26 6
67 63
2 32
69 31
93 24
62 73
84 21
41 81
59 19
89 99
61 2
70 39
69 70
89 2
83 85
11 70
94 52
80 87
84 64
67 5
92 21
11 31
22 22
19 73
54 22
37 78
79 9
26 58
65 82
75 69
74 72
90 4
51 9
24 24
25 22
5 95
35 72
62 31
57 20
58 43
78 92
15 34
68 84
63 96
24 91
42 62
12 57
0 46
91 50
42 41
59 49
73 6
32 30
100 39
61 66
57 29
80 55
15 16
71 27
62 12
5 34
52 25
39 36
78 33
15 37
29 9
36 77
80 20
5 27
20 48
43 75
51 26
71 95
3 60
40 32
49 44
46 73
79 79
71 90
46 64
48 99
50 77
84 12
85 48
6 17
38 30
14 42
2 100
85 30
87 82
99 36
67 73
41 0
5 84
8 38
72 16
67 68
56 63
16 64
50 83
36 45
83 97
1 24
97 84
94 38
32 33
5 86
96 92
87 36
98 52
54 100
45 84
80 7
56 7
99 26
19 61
97 95
95 17
41 97
91 1
33 23
76 36
41 2
3 73
10 99
73 51
59 0
46 79
50 88
51 55
48 66
40 72
30 81
70 63
73 42
42 98
40 30
56 36
37 89
63 76
86 61
75 47
34 37
5 75
1 53
54 50
60 67
66 64
4 35
29 63
52 24
23 39
74 13
69 16
38 17
51 88
70 6
97 85
8 62
8 0
77 25
100 72
66 26
12 49
8 53
45 9
11 94
88 24
35 17
26 79
40 97
78 18
54 58
67 23
59 54
16 6
30 0
73 95
6 7
13 46
23 7
25 33
46 18
26 75
38 66
27 27
58 51
62 66
81 84
77 31
85 21
32 9
31 75
61 53
32 6
54 44
85 57
79 26
83 47
98 45
48 53
72 6
48 29
84 19
42 13
53 0
80 51
74 76
64 20
48 4
51 2
32 73
90 43
18 65
17 37
39 5
65 81
53 100
74 38
6 30
26 27
61 78
62 50
34 71
15 76
98 61
30 96
51 58
56 97
3 44
68 70
67 82
44 17
16 20
23 8
77 99
59 68
75 87
62 56
65 7
7 55
85 100
46 90
57 67
32 87
2 29
60 72
88 49
33 57
2 77
55 85
51 69
94 7
5 0
93 19
57 56
46 94
99 6
71 82
58 92
21 45
27 5
69 36
86 100
52 79
92 28
25 52
74 33
61 85
81 44
95 31
23 14
43 43
75 13
21 15
78 59
61 61
26 67
24 76
36 1
63 31
9 82
28 66
33 51
72 7
81 36
37 1
57 78
4 52
4 31
47 57
36 24
16 76
68 68
29 23
59 79
28 10
17 91
9 49
42 73
71 65
86 77
24 79
23 41
95 82
35 64
0 4
22 83
62 67
98 71
43 47
50 76
31 19
13 24
13 30
2 12
88 5
82 54
16 98
83 89
79 4
98 94
75 32
22 63
78 24
52 75
40 25
90 95
40 54
17 31
70 85
58 90
19 95
28 85
94 35
78 48
74 14
60 32
40 79
88 92
100 66
25 76
80 45
78 96
5 17
29 17
48 72
72 41
19 70
47 68
83 87
48 75
70 42
9 64
24 49
86 51
68 19
40 33
58 3
10 77
45 47
5 54
100 7
60 97
82 36
3 36
64 28
20 34
6 72
23 56
51 83
47 44
39 93
91 76
56 41
20 38
73 36
91 69
51 96
53 22
13 69
93 89
23 43
47 75
43 93
25 98
5 9
1 31
31 13
85 11
69 61
27 75
12 67
55 12
26 99
54 24
35 71
70 26
79 51
44 46
22 58
57 16
25 37
38 97
60 58
16 32
44 16
18 46
60 18
50 49
89 74
63 4
1 30
61 59
87 21
56 9
67 34
72 95
29 0
99 84
65 8
90 20
11 52
20 83
53 65
87 98
27 52
46 83
36 19
95 0
14 43
14 85
99 96
7 19
41 17
24 2
86 96
77 96
7 35
56 78
41 3
17 0
92 71
3 2
21 57
80 42
49 21
13 11
87 50
34 73
94 32
79 70
15 52
30 64
3 26
31 90
65 45
1 77
93 68
8 17
100 67
76 32
16 89
11 6
27 81
32 32
82 37
64 87
87 43
8 90
7 0
46 92
33 45
76 22
11 73
10 11
39 34
31 95
37 23
37 37
37 8
57 6
84 63
53 49
22 100
23 88
46 17
55 94
99 7
28 12
91 35
16 52
90 9
92 35
49 32
26 38
95 27
44 30
17 27
0 5
81 89
76 62
80 10
97 64
81 65
99 65
52 57
32 55
33 43
97 50
67 65
66 78
20 14
83 35
60 30
34 93
88 74
55 38
61 73
25 20
10 22
21 33
89 42
55 35
41 62
44 51
63 77
68 54
56 13
61 31
30 77
38 0
80 26
88 54
60 83
10 37
27 53
46 45
59 7
14 29
19 99
86 71
32 83
61 76
59 83
74 65
70 95
100 11
67 99
7 51
21 14
7 92
22 53
79 91
75 26
63 5
