1000
72 15
49 23
42 33
75 76
57 54
74 9
20 5
75 50
48 2
81 18
50 1
82 81
78 69
65 95
20 65
5 70
34 85
54 21
38 7
23 2
20 42
24 99
96 56
31 93
83 26
18 52
52 29
25 90
18 10
7 9
82 79
53 4
8 28
30 78
7 59
66 73
50 51
51 19
75 32
99 85
14 94
8 78
8 96
12 11
4 84
72 78
2 25
89 55
15 57
77 36
97 84
87 26
23 33
94 62
80 90
10 25
13 82
56 73
15 52
92 11
29 76
57 1
92 76
71 8
80 29
63 77
54 56
69 88
51 63
80 38
34 56
9 69
48 75
29 74
28 76
65 13
67 51
22 29
0 44
40 11
64 73
51 83
10 32
2 34
83 96
27 32
91 1
77 21
17 56
84 11
40 92
26 10
96 68
71 57
9 30
5 34
64 5
93 72
97 59
77 85
55 37
73 9
98 29
5 19
71 69
92 3
34 68
85 74
14 9
11 72
11 8
13 76
26 74
55 79
14 54
75 56
45 2
9 35
36 12
26 50
38 82
1 75
75 14
86 94
32 37
55 64
100 95
79 44
62 68
9 59
25 25
5 6
77 57
8 11
40 70
51 59
84 30
50 27
86 61
44 25
32 64
3 60
8 24
41 20
45 94
71 30
69 63
43 3
8 90
57 46
59 63
60 17
32 57
35 35
91 79
9 50
93 10
28 47
15 31
78 7
85 60
4 44
79 91
2 31
80 27
1 92
57 44
1 49
20 26
41 41
96 70
2 64
69 51
38 30
13 23
78 80
68 88
31 100
10 61
67 96
34 31
79 35
11 3
75 79
88 28
29 44
22 8
79 82
98 94
64 38
68 83
31 48
22 56
35 70
85 88
81 89
72 26
25 68
79 27
68 0
33 50
35 85
33 11
78 39
44 12
44 71
93 33
4 94
96 73
59 97
47 21
36 92
91 33
60 41
29 5
65 42
27 19
45 50
45 33
37 29
44 89
37 85
70 20
55 56
78 41
1 97
29 32
4 62
41 96
80 95
18 29
5 7
16 18
82 21
0 61
7 63
10 22
6 30
9 74
95 74
6 46
67 17
26 71
7 13
81 74
31 8
29 23
10 34
99 91
49 3
53 42
17 25
63 29
44 87
48 28
53 18
66 57
40 98
51 33
36 1
28 34
14 1
70 73
100 75
77 13
30 83
0 16
99 15
28 27
17 42
56 46
57 4
51 53
76 72
21 64
45 31
12 13
76 4
4 16
30 55
78 95
88 76
77 56
40 67
77 86
78 49
74 37
29 78
96 28
7 36
64 61
17 31
65 11
21 86
45 79
43 20
4 67
20 44
50 95
35 73
28 38
37 93
80 56
20 82
70 49
22 41
82 27
92 29
78 18
31 30
77 100
46 17
99 1
71 16
77 17
45 12
49 100
92 80
1 83
31 76
65 100
21 52
61 13
15 18
88 15
31 24
54 31
15 84
16 95
20 6
77 28
29 51
38 71
66 9
40 95
74 87
59 33
67 14
9 25
11 91
48 36
51 14
17 16
77 20
93 69
34 66
31 1
54 85
99 86
3 15
75 10
67 97
19 65
24 100
38 58
15 41
40 53
13 28
4 79
43 28
41 65
31 32
18 87
28 30
43 18
78 100
96 15
6 92
90 34
13 46
52 10
32 58
13 37
54 20
9 40
42 86
91 68
92 70
69 31
92 28
100 42
26 29
59 71
85 100
36 100
12 58
4 25
92 48
54 81
44 48
72 88
86 24
79 30
24 61
42 99
53 7
44 74
23 49
47 68
60 21
61 82
96 81
30 6
33 39
39 39
22 52
60 74
83 55
22 67
100 24
68 42
74 53
6 61
31 97
69 18
92 77
2 89
69 80
79 89
21 55
41 89
64 68
26 13
31 74
6 4
7 56
31 83
85 11
73 78
64 28
72 81
58 81
55 30
37 28
46 75
52 33
74 34
47 18
59 83
95 94
63 48
90 63
44 21
91 43
84 74
88 63
44 90
7 25
71 24
39 63
61 70
34 37
70 60
2 53
43 96
21 38
5 54
23 24
36 87
96 37
98 68
99 97
36 31
38 46
28 7
81 33
78 4
21 73
73 18
83 81
45 57
7 50
30 93
64 100
80 77
39 24
33 27
19 64
46 52
16 98
58 60
80 12
81 14
3 100
90 54
52 68
97 72
90 7
38 68
79 94
65 39
39 1
10 23
47 72
14 67
63 27
71 61
77 15
25 89
29 86
59 13
51 70
8 97
8 62
37 1
9 36
16 75
18 89
30 58
34 60
52 25
23 45
22 37
41 85
96 77
81 54
98 85
98 14
72 75
90 0
24 23
80 2
66 91
60 3
95 63
47 46
22 53
86 62
44 80
53 61
84 98
15 12
100 56
97 32
75 62
19 19
3 43
17 0
68 22
67 28
16 7
30 43
13 98
17 71
9 27
97 0
84 52
91 91
19 59
31 14
40 1
51 48
80 51
82 51
24 9
46 82
66 3
48 21
75 13
67 70
11 49
42 11
26 93
14 80
39 72
45 68
34 32
5 66
70 11
82 40
60 87
56 88
44 70
31 54
87 36
100 12
15 89
24 84
11 9
92 20
1 68
65 48
63 76
12 71
23 13
29 28
12 76
45 73
85 22
93 58
60 89
83 21
32 74
24 39
91 25
54 47
59 7
80 26
13 11
5 25
68 47
58 93
23 19
18 100
86 56
83 79
13 6
73 53
36 56
58 49
32 38
91 96
4 4
65 79
18 85
1 1
62 28
51 98
88 24
0 9
5 76
37 35
75 91
44 14
0 87
66 69
33 6
38 15
37 61
85 68
100 54
79 99
63 69
95 42
17 1
26 51
97 6
61 32
62 3
27 29
46 78
19 86
11 80
2 11
94 92
7 64
25 37
61 31
23 96
66 6
30 95
16 89
67 7
76 79
93 95
65 78
41 69
58 84
70 67
79 90
26 35
10 33
12 1
4 3
77 62
77 43
19 53
12 96
92 19
59 53
70 24
11 68
89 1
46 44
80 10
37 81
73 98
85 97
66 70
33 4
7 90
69 52
79 32
7 54
26 26
37 10
81 65
60 82
64 30
51 85
5 31
61 72
90 67
11 81
31 28
75 68
49 18
57 96
41 56
92 47
84 5
77 50
18 33
38 37
66 80
93 55
66 83
41 94
29 0
40 38
33 19
43 16
27 8
57 5
100 50
41 6
57 95
36 97
0 52
52 69
59 43
11 100
42 52
57 93
80 40
51 99
34 89
19 83
5 52
19 40
91 41
80 88
27 41
0 55
57 99
56 23
44 38
37 59
77 19
44 22
6 20
14 46
74 29
60 37
91 52
11 43
24 49
70 22
96 0
45 26
88 0
24 45
16 52
77 63
66 36
94 42
88 2
34 14
63 34
96 10
44 10
20 99
74 14
7 57
4 97
62 77
66 66
2 17
41 64
44 36
41 9
44 43
16 19
43 89
51 12
69 86
48 95
35 92
94 19
9 90
19 20
20 73
92 39
10 28
61 27
49 84
73 55
78 90
56 70
59 31
56 43
3 28
68 48
1 93
49 38
66 84
22 50
21 88
20 80
14 62
71 63
44 16
99 51
19 9
6 22
3 45
11 79
90 66
55 0
73 27
14 58
49 87
43 59
75 33
48 54
90 89
51 80
85 55
32 2
61 3
5 38
24 13
100 3
22 77
36 5
80 49
3 41
34 84
54 94
20 63
23 75
20 19
94 5
95 98
56 17
93 75
98 12
65 44
21 90
7 73
49 66
0 98
66 14
49 35
15 74
75 71
79 65
31 4
17 13
2 28
67 57
52 16
7 35
77 60
21 32
5 8
46 85
50 53
8 46
18 95
43 56
6 50
46 12
47 8
52 74
40 9
23 56
18 48
55 75
39 41
17 35
51 89
55 16
38 14
73 2
24 77
67 79
42 50
84 82
54 9
6 54
97 64
43 77
78 77
73 45
13 59
88 41
91 70
93 96
6 66
85 98
63 23
43 38
59 48
68 3
17 36
99 62
5 10
30 25
20 79
62 100
9 85
45 56
78 9
93 42
61 68
91 57
58 46
93 20
69 11
7 81
24 33
95 78
20 70
11 33
59 76
24 24
12 54
4 58
58 62
9 21
33 25
49 65
74 23
69 54
58 13
30 76
63 26
48 3
66 92
56 51
39 20
24 44
91 77
20 21
7 51
46 46
87 6
23 58
73 13
83 88
99 14
39 28
67 54
9 95
47 6
92 32
19 70
51 37
51 88
28 37
9 46
68 93
16 20
27 95
35 8
14 17
74 98
73 81
79 11
75 67
17 6
62 65
93 5
74 77
11 41
55 10
8 22
79 49
43 94
55 3
37 20
51 92
20 14
69 24
85 26
72 85
89 17
69 28
19 29
66 55
7 0
63 72
46 66
33 86
34 20
22 12
3 2
97 49
8 86
29 82
30 56
82 78
48 60
87 91
34 87
16 55
81 93
40 96
92 0
