1000
85 100
96 67
65 7
19 62
91 80
25 19
64 92
66 77
17 74
99 20
9 19
81 53
100 53
86 34
37 41
69 69
37 63
55 62
39 24
53 5
59 39
57 11
19 92
51 52
2 99
82 49
68 65
26 36
56 41
81 56
88 7
61 39
4 23
67 82
56 47
43 80
26 84
76 43
61 68
9 72
8 9
90 19
18 36
72 16
39 9
79 75
77 31
13 68
33 10
68 29
68 76
13 55
80 63
88 92
56 82
94 42
0 74
21 46
86 22
26 2
20 20
98 46
95 56
3 7
69 84
19 73
74 78
92 49
76 99
36 9
52 63
77 15
78 72
0 56
88 82
45 21
87 26
51 0
100 34
68 54
86 89
20 52
98 71
62 84
16 86
33 58
88 45
49 91
17 44
89 1
80 33
24 95
48 90
100 100
62 54
71 3
26 91
23 51
58 58
88 21
72 81
38 87
13 61
60 30
59 61
48 95
8 33
4 8
22 38
94 79
59 44
11 46
84 66
57 39
16 90
89 16
70 23
27 71
98 6
54 32
67 24
77 91
23 91
99 7
19 36
15 36
62 7
66 98
10 81
98 94
74 74
75 71
26 25
86 28
54 58
81 65
2 53
94 24
46 9
3 79
36 46
93 1
64 78
21 51
5 9
94 51
17 9
17 27
65 26
94 14
73 49
4 87
15 90
51 67
35 70
62 21
22 54
87 56
61 76
4 90
46 51
72 99
90 87
100 44
22 48
97 9
100 48
31 88
45 33
51 96
8 30
44 97
68 62
53 46
96 29
75 82
25 61
51 79
84 100
20 83
83 81
0 41
43 70
25 32
60 8
74 56
87 93
46 22
88 37
25 69
27 87
100 39
13 32
84 95
36 19
48 61
89 29
36 5
43 79
51 80
94 65
60 72
38 82
95 74
18 90
41 32
46 26
9 20
22 74
19 61
100 36
7 12
33 24
81 5
99 86
42 70
61 10
17 17
31 84
14 29
82 11
18 51
4 91
88 11
86 47
95 30
63 17
95 17
5 18
5 97
71 49
17 54
4 35
40 45
17 82
7 8
69 5
14 42
59 45
94 55
84 46
28 34
65 69
93 26
46 41
65 5
25 13
45 95
11 2
86 62
54 26
23 26
79 13
75 17
94 23
87 69
54 33
45 48
39 76
47 41
14 69
77 8
56 3
29 63
22 91
45 77
64 17
78 36
1 87
92 60
18 83
74 72
51 84
66 27
45 94
15 69
75 47
75 45
55 65
28 93
14 83
90 10
27 23
92 37
95 46
83 15
42 99
45 19
24 97
90 58
89 91
46 43
8 78
17 96
71 27
38 49
99 9
68 12
64 98
96 19
47 54
33 23
2 89
48 80
18 59
79 38
79 22
78 1
10 43
34 93
36 69
67 39
30 49
22 15
63 51
91 2
53 15
15 94
86 73
100 93
14 13
96 22
79 65
22 24
16 18
76 63
24 0
72 8
24 46
12 18
95 6
73 26
59 65
28 80
15 2
81 72
84 65
19 89
93 67
32 59
47 86
55 57
30 88
31 45
35 2
2 11
46 38
85 15
86 24
94 34
24 51
98 82
82 3
69 26
22 97
31 73
29 60
74 81
3 16
13 14
46 64
86 54
60 90
47 63
41 8
64 44
97 90
78 78
67 12
52 98
77 75
94 40
68 56
76 69
78 14
33 50
90 49
54 52
73 32
59 96
50 69
89 21
56 86
56 81
10 8
62 65
64 64
72 57
37 83
34 1
30 76
55 98
28 26
46 62
83 38
84 70
64 84
94 48
44 21
21 69
31 50
42 38
9 0
5 39
20 75
54 24
48 56
36 12
86 0
10 18
3 1
51 49
39 41
91 39
7 5
38 33
70 84
30 42
41 72
5 41
45 79
96 33
14 71
73 11
31 48
80 52
87 67
31 92
33 99
51 78
97 47
88 98
9 15
21 75
28 74
61 56
84 71
44 29
33 70
39 42
45 87
55 69
13 50
94 4
11 92
56 39
3 30
39 96
82 13
31 31
99 90
28 31
1 91
95 84
15 4
13 65
74 26
99 94
47 81
64 51
17 72
90 23
28 83
89 43
63 3
84 34
77 59
72 43
98 70
91 33
79 98
76 10
32 4
26 21
53 26
90 16
53 63
35 72
86 61
67 69
62 15
10 3
76 51
77 62
66 75
17 1
31 36
57 35
64 62
30 57
58 97
13 12
15 78
64 12
86 1
12 37
2 79
82 70
26 53
99 81
34 74
27 6
34 51
90 38
78 88
99 59
54 89
35 50
3 41
75 35
12 19
2 2
100 95
95 49
52 47
67 41
18 60
17 77
72 67
5 8
90 54
86 94
93 20
15 92
11 96
22 89
61 87
28 43
46 84
26 28
73 12
82 30
71 9
67 7
59 60
57 0
65 97
20 74
62 50
90 41
70 16
40 56
59 87
10 83
99 21
74 79
37 22
16 14
98 54
6 10
57 43
51 15
92 72
50 61
36 60
8 14
7 15
76 17
39 32
81 84
38 80
30 71
69 56
65 23
88 0
25 83
83 2
28 22
81 82
12 34
77 88
41 7
21 88
41 3
38 100
27 30
26 35
39 100
52 62
76 33
97 0
28 77
58 75
62 17
9 11
70 94
68 51
62 66
28 98
20 78
50 93
77 43
20 43
62 85
38 17
73 25
12 43
44 41
51 85
70 21
80 18
5 92
19 81
90 37
89 78
70 83
40 85
86 14
89 42
89 2
51 3
3 99
64 2
34 92
73 58
55 0
42 36
77 11
94 58
23 80
29 64
91 87
75 32
34 96
92 97
35 17
42 92
100 75
26 96
45 14
56 44
11 94
72 62
99 41
45 80
63 47
100 61
66 74
82 38
0 87
61 43
31 91
40 21
45 91
84 49
5 86
47 34
78 4
32 69
53 49
67 74
21 93
31 78
16 62
39 4
26 51
20 69
61 52
64 71
13 17
57 7
17 63
17 55
57 19
49 41
77 65
34 89
11 45
31 41
97 6
24 83
25 52
90 75
33 38
49 31
58 70
47 37
41 73
45 22
59 4
26 48
64 69
73 1
66 58
41 78
8 10
29 27
18 3
7 66
80 23
49 83
97 43
97 84
20 86
35 71
30 74
54 70
2 1
87 11
1 57
31 9
64 24
75 29
34 5
62 99
64 77
95 59
8 31
37 47
9 1
66 67
70 31
4 60
23 29
80 66
46 49
93 97
80 93
25 45
6 7
28 56
84 20
79 35
14 15
0 73
49 78
68 100
29 56
46 70
88 54
49 89
14 31
93 83
42 74
98 13
3 55
100 89
87 46
14 4
80 1
66 84
10 24
100 7
11 83
56 11
41 14
6 72
82 27
96 1
9 56
22 93
29 6
96 66
41 88
44 57
50 79
3 100
48 51
12 73
7 63
78 85
21 89
58 55
2 32
35 29
80 8
97 15
75 68
64 1
73 10
4 53
43 1
5 21
68 49
84 50
73 16
49 90
23 8
43 73
14 17
96 52
85 44
89 89
26 30
72 35
43 44
58 61
48 25
96 92
4 56
13 66
100 97
52 74
53 28
47 69
3 8
14 37
42 44
47 72
44 88
71 4
74 31
9 49
97 50
10 5
14 68
78 10
84 64
74 93
19 14
49 80
15 35
40 53
10 60
53 30
53 68
9 67
96 99
87 36
48 26
83 93
39 25
56 0
2 65
92 68
94 37
88 42
73 71
79 62
3 52
21 48
51 43
47 5
80 2
27 42
28 15
97 1
35 99
21 40
21 68
31 66
5 93
90 79
60 2
72 18
83 83
26 74
51 20
5 14
42 80
9 28
99 37
81 10
44 89
26 79
12 83
2 7
52 66
19 72
92 15
78 28
17 10
90 70
26 97
17 39
41 5
9 36
34 35
14 65
25 60
88 1
93 90
18 97
22 63
78 81
35 41
59 76
29 75
2 61
52 53
10 71
44 40
54 13
17 6
25 91
78 29
0 12
9 82
44 54
96 38
73 19
79 68
41 51
98 57
30 66
24 67
79 57
64 41
25 21
38 36
52 73
31 30
11 100
3 47
58 18
44 75
61 99
63 81
87 38
55 74
94 87
82 67
76 37
68 26
30 1
44 62
9 48
83 67
23 31
63 68
24 61
78 42
5 51
84 39
68 13
4 6
34 9
39 29
65 55
92 22
44 77
43 40
98 84
60 65
0 92
79 3
58 85
69 9
97 42
81 68
90 73
16 53
11 8
26 47
60 5
69 7
82 26
76 75
23 24
79 78
54 63
92 61
23 82
74 92
51 29
69 20
77 37
80 15
10 31
54 98
97 26
91 64
22 69
21 94
6 82
40 38
83 66
83 61
75 54
26 42
58 17
66 38
52 83
45 60
52 50
91 66
47 42
100 64
25 92
83 82
57 92
52 0
17 45
47 2
69 43
36 6
2 88
95 62
44 92
100 46
65 80
17 25
92 25
92 69
72 76
55 96
15 68
62 87
79 33
94 16
