1000
77 75
96 17
95 52
56 76
52 31
93 16
6 99
18 21
31 74
60 81
80 44
49 76
82 34
50 84
42 86
63 15
80 87
2 51
44 17
58 54
34 99
22 38
47 3
19 87
63 46
38 65
92 36
65 15
87 47
86 44
98 87
79 53
10 60
97 64
71 7
21 85
19 58
81 9
25 95
59 78
77 10
85 25
48 10
7 34
45 61
52 9
2 60
59 4
46 9
45 55
1 50
30 67
22 50
32 49
81 8
86 56
44 69
26 96
83 25
79 18
90 37
85 32
94 76
5 10
44 41
98 83
76 56
5 94
61 46
13 63
78 6
21 17
30 30
53 56
51 87
31 96
9 62
5 87
76 61
64 36
31 7
91 62
68 34
17 80
97 24
13 73
76 6
97 96
56 50
20 2
37 34
52 27
41 91
89 98
36 81
91 71
25 68
90 54
24 49
14 65
41 96
54 15
87 52
5 49
93 74
56 75
2 14
6 0
82 60
84 1
84 57
47 98
48 56
72 49
12 47
50 39
6 78
97 74
63 99
63 40
68 98
33 98
81 17
66 93
72 53
39 82
55 49
1 34
78 69
30 81
98 88
55 14
20 76
44 88
38 43
34 30
56 4
64 73
40 14
25 53
1 0
86 94
24 62
72 68
86 36
26 42
41 42
44 40
3 89
45 69
55 79
62 88
24 28
47 28
74 48
27 18
19 80
0 93
75 51
1 95
24 42
12 66
32 91
20 75
61 76
54 83
96 58
66 49
23 51
46 29
5 23
21 62
75 59
40 89
59 68
58 32
79 83
15 88
96 71
79 23
27 60
5 72
96 38
76 31
100 38
31 10
60 62
59 71
71 79
50 77
22 74
74 84
4 29
39 78
0 17
45 99
65 12
12 34
57 14
60 1
2 24
9 73
82 45
38 55
78 63
29 84
89 90
91 33
19 24
27 75
66 45
62 22
79 81
28 35
71 100
44 84
4 62
83 28
32 67
23 80
95 16
30 55
85 14
26 99
92 86
95 12
69 91
60 98
49 20
87 11
30 96
66 83
36 98
98 29
77 29
17 51
55 42
39 97
0 63
27 35
1 85
6 64
90 81
25 17
40 55
28 69
18 64
21 23
84 30
22 66
67 28
35 61
49 42
93 23
70 44
96 33
11 79
11 20
3 46
38 34
27 47
21 44
65 86
19 8
4 60
64 34
4 13
49 3
29 41
49 7
62 64
2 93
8 44
22 95
11 19
96 13
86 92
77 97
42 74
54 52
4 58
2 22
30 39
27 13
21 57
17 66
51 14
68 51
97 87
53 57
35 39
89 100
50 11
74 1
3 27
73 59
66 22
3 56
13 94
32 85
2 42
82 94
57 66
27 2
26 6
81 46
42 4
27 48
37 73
47 33
17 12
62 91
68 61
26 100
44 37
8 95
63 57
61 21
7 2
67 95
23 95
37 14
33 87
98 68
2 97
99 40
0 0
53 84
7 24
38 31
100 44
43 77
26 50
11 60
62 20
87 80
59 95
91 14
89 41
46 36
26 98
74 53
17 31
92 49
40 27
47 38
89 25
89 52
23 74
1 66
34 94
16 51
60 8
0 67
10 1
18 34
58 53
73 27
70 56
8 1
78 72
43 20
20 42
31 92
9 81
77 50
1 75
5 45
38 54
28 52
48 99
10 20
3 97
47 87
51 90
68 57
61 20
82 59
72 91
30 13
56 29
68 39
16 13
46 90
4 49
86 28
89 28
75 2
98 18
90 71
76 100
82 68
73 3
59 37
39 23
32 70
91 47
27 95
25 67
30 71
94 83
53 78
10 4
61 71
72 54
66 61
75 36
82 1
39 19
84 8
90 73
9 5
32 50
24 0
96 42
8 12
14 58
12 75
66 72
56 49
78 70
33 13
65 7
11 51
66 52
14 73
1 72
71 38
44 38
75 1
6 1
7 54
18 79
16 68
59 98
44 34
28 20
58 37
86 78
45 1
51 81
34 47
80 16
99 47
33 30
99 38
50 46
82 61
74 82
5 88
15 38
15 33
36 3
58 20
48 65
47 80
23 71
30 94
77 25
65 10
41 16
35 85
81 89
1 76
13 56
58 72
2 45
22 61
32 93
53 82
73 96
28 1
12 81
58 35
29 44
55 76
61 32
88 5
54 76
78 44
67 85
89 59
14 38
10 30
0 65
37 58
9 48
75 40
10 99
28 99
67 27
86 24
24 26
74 45
1 30
20 22
83 15
93 30
29 8
95 94
37 13
0 86
29 79
92 76
58 83
58 22
89 86
59 70
69 50
69 37
39 84
35 94
81 83
34 68
16 94
52 93
34 15
23 91
65 94
26 21
97 71
27 90
45 19
87 56
1 53
92 67
13 92
34 67
20 5
41 58
53 11
7 83
59 74
36 47
88 16
40 86
35 59
36 88
16 60
37 60
43 94
13 99
4 78
44 67
60 89
21 46
60 83
44 19
58 34
38 57
99 84
96 90
43 72
58 6
12 21
45 78
30 12
17 60
26 55
30 25
52 100
100 41
7 68
24 5
67 34
85 5
70 80
58 65
44 70
34 39
27 70
54 11
7 13
61 91
99 39
74 39
45 59
52 68
30 24
25 18
19 21
69 83
70 31
47 13
6 73
89 19
79 47
86 62
93 80
85 87
17 69
93 32
42 85
0 18
66 33
26 80
64 95
54 21
45 60
80 33
58 74
55 83
14 90
76 60
6 87
4 28
17 98
55 68
63 20
33 43
38 78
53 89
16 2
55 45
21 75
81 82
23 37
8 71
47 89
94 96
54 97
27 91
99 100
90 0
22 92
3 42
57 95
25 86
85 6
10 17
69 70
81 59
62 34
6 3
76 33
26 24
30 84
58 15
3 50
90 35
39 4
27 23
28 53
26 40
66 98
46 89
44 55
97 86
48 61
35 83
100 21
16 93
63 5
70 82
96 86
74 3
70 3
66 0
86 35
90 48
45 52
53 29
53 86
88 90
89 51
81 73
12 72
17 49
53 40
12 51
77 76
38 4
68 93
61 19
72 47
19 84
5 34
6 85
26 83
62 15
56 10
75 22
82 37
48 3
76 67
61 43
14 9
34 52
70 68
12 55
64 28
80 18
48 93
35 97
63 92
80 49
6 55
9 69
47 65
42 90
98 23
69 46
86 90
75 15
62 62
43 59
36 97
37 70
2 100
38 61
11 31
96 82
84 80
75 50
64 64
39 44
6 22
36 76
76 44
49 6
15 3
45 24
54 18
81 44
79 38
50 68
44 24
76 59
18 88
17 11
25 37
92 80
96 79
37 38
47 9
84 88
71 54
14 72
29 21
24 74
29 74
45 25
94 73
57 8
57 85
39 11
42 7
30 28
100 66
56 42
58 9
63 28
29 76
86 30
94 42
98 42
26 70
1 97
27 45
69 78
30 70
88 44
75 64
22 13
11 33
2 47
74 6
50 63
17 54
60 49
79 32
48 86
15 99
74 32
71 85
21 30
7 21
100 39
57 69
12 71
93 0
79 46
30 100
72 34
21 63
87 57
45 65
22 100
29 29
33 46
35 62
33 50
74 66
13 21
42 46
4 54
96 26
24 61
72 13
41 77
14 80
14 15
83 75
25 2
86 61
94 13
87 93
2 28
34 44
22 41
41 54
87 38
49 10
36 66
23 68
65 68
46 48
87 36
73 22
22 24
57 20
13 54
78 15
19 27
75 94
11 34
38 53
46 38
95 24
39 8
22 82
95 93
68 59
38 73
58 52
75 42
67 73
59 27
54 19
3 20
81 99
13 58
59 79
11 28
46 33
23 64
7 18
29 98
91 76
82 81
60 33
49 64
76 76
41 36
24 67
35 20
76 82
97 33
47 70
31 56
91 44
82 17
14 85
48 97
25 64
39 16
12 52
76 13
88 2
15 21
35 55
81 84
2 10
81 1
72 88
42 79
68 8
77 16
57 74
56 16
97 59
98 93
86 89
42 66
55 37
6 100
19 61
72 90
11 57
39 41
78 35
3 70
1 27
37 0
87 2
31 97
11 70
69 64
1 31
16 80
29 33
91 78
6 74
29 31
5 17
61 44
92 25
84 19
93 93
6 94
96 22
72 39
75 44
61 57
24 81
2 56
2 83
61 78
7 14
2 21
89 18
78 38
27 32
100 6
0 73
10 12
66 53
90 11
27 73
94 16
55 61
42 75
19 32
32 6
66 88
72 83
97 61
94 95
18 68
67 2
37 57
77 38
98 72
70 62
32 30
15 5
80 1
62 31
77 89
8 2
92 72
62 61
47 20
87 67
57 93
41 30
99 56
30 21
86 46
36 99
68 4
75 28
82 16
30 48
48 32
93 42
79 6
32 44
8 40
58 94
76 26
71 46
62 50
38 62
53 64
70 54
1 99
84 60
63 69
52 13
83 18
1 43
98 90
45 81
28 18
3 48
98 67
58 39
83 62
4 36
98 100
92 50
3 5
29 45
64 27
12 80
11 8
50 32
44 97
78 29
