1000
41 49
85 39
9 5
64 85
43 60
61 73
61 71
67 13
69 80
22 72
27 97
81 74
88 63
82 20
99 91
69 98
31 64
40 37
27 53
61 97
23 10
25 84
31 24
74 74
62 11
60 35
70 36
10 47
20 21
46 93
16 13
33 74
31 33
4 42
47 18
15 51
35 55
32 51
23 66
78 100
16 23
100 79
49 51
82 2
88 69
65 77
48 56
49 95
68 76
36 62
56 51
4 89
21 2
93 59
49 79
9 2
44 2
24 11
38 24
22 95
26 89
56 34
36 45
97 34
27 69
94 64
9 69
93 44
72 96
30 44
11 72
52 35
48 49
24 57
1 11
25 13
79 84
50 70
48 59
2 32
100 14
17 15
0 4
86 6
20 27
38 50
98 66
65 84
90 43
68 86
61 33
90 84
88 91
91 61
20 18
75 10
62 14
37 0
60 16
20 78
12 76
63 54
72 60
80 58
83 37
73 83
7 14
87 93
81 29
69 24
55 34
24 60
17 86
14 84
99 78
31 36
85 51
47 23
29 68
55 99
21 21
5 92
82 67
29 56
15 76
18 70
62 3
46 37
9 8
4 28
14 17
16 93
24 88
100 45
53 51
40 82
71 80
90 40
12 91
87 36
64 78
86 82
33 47
73 8
36 42
13 52
74 19
24 19
73 2
26 66
6 35
98 70
12 62
34 79
20 97
51 92
67 88
2 49
38 38
35 63
15 53
35 9
99 63
37 71
60 85
99 74
81 33
29 50
67 44
81 5
1 49
70 68
83 5
65 36
29 41
97 31
29 13
32 54
81 3
9 92
91 28
7 27
18 94
46 83
33 61
68 80
1 8
16 22
13 1
12 17
33 33
91 57
42 12
60 40
98 91
2 46
29 39
10 82
13 64
87 15
35 0
17 62
24 77
42 72
45 30
33 95
67 26
25 64
23 70
55 77
12 67
31 26
82 87
9 4
74 97
23 44
51 17
61 84
97 88
100 16
9 76
51 18
52 6
85 30
71 93
14 42
4 56
33 13
52 22
84 85
99 70
58 65
58 93
59 20
16 57
38 91
11 31
14 50
61 39
11 5
9 44
25 54
32 59
90 32
90 5
37 14
17 77
18 0
38 33
95 27
17 69
91 4
56 92
31 62
31 59
57 96
86 66
2 88
34 12
18 50
7 83
73 70
37 87
7 17
7 63
74 68
2 99
76 65
61 19
66 48
53 43
4 7
19 95
20 7
25 100
35 86
55 30
2 59
83 34
35 94
27 32
51 21
62 60
22 4
46 81
83 33
75 88
27 43
66 52
70 42
41 55
48 44
16 50
96 40
54 70
89 100
35 82
57 76
61 85
19 97
51 4
21 35
28 3
98 45
88 9
92 22
87 34
86 40
28 91
57 56
79 15
77 47
53 87
50 68
64 18
60 30
72 97
82 56
18 18
68 10
3 63
58 49
38 77
34 42
17 65
8 36
39 90
13 77
92 63
26 95
50 7
93 8
58 11
93 13
48 27
2 98
74 29
82 14
29 100
33 91
95 12
64 47
10 26
44 67
56 13
16 38
40 78
35 81
17 5
79 86
61 68
45 23
8 17
47 42
70 69
71 2
25 37
74 0
84 36
52 29
29 57
12 63
27 79
69 90
99 11
17 47
82 85
0 19
23 62
85 41
72 46
47 27
16 96
2 53
47 58
6 20
77 89
37 50
4 63
58 97
16 29
41 88
78 86
72 4
77 18
39 64
78 62
42 14
76 95
28 13
1 44
84 55
71 71
32 41
52 34
5 5
82 44
6 24
82 98
18 27
12 92
98 43
66 97
91 89
4 74
85 19
80 40
70 73
82 49
43 45
96 59
88 97
41 85
21 67
89 94
14 91
40 62
73 27
89 52
36 60
46 35
84 29
42 70
58 9
44 4
34 52
16 44
31 40
29 35
75 62
31 18
28 68
38 6
61 47
23 92
39 46
17 16
63 67
43 41
59 7
57 53
26 41
28 31
52 50
80 62
15 25
99 89
19 57
49 21
95 60
73 3
77 5
76 24
18 46
63 11
52 0
44 13
81 48
68 83
49 85
59 73
70 2
17 37
71 45
26 69
33 57
49 55
69 60
58 28
64 97
89 10
99 33
6 84
89 33
93 72
91 1
2 38
8 58
56 78
83 24
22 52
18 48
98 5
60 24
23 11
75 72
40 92
81 86
97 81
58 6
0 94
72 48
72 87
94 18
7 60
77 59
57 83
88 93
49 82
38 55
12 36
99 21
53 2
96 57
66 41
96 76
75 38
27 54
3 43
40 81
31 55
17 56
42 10
4 68
18 64
4 81
34 97
78 70
21 75
78 17
14 61
48 2
76 58
63 40
100 57
27 6
58 55
19 94
94 55
36 30
51 9
72 100
47 13
24 49
44 7
62 35
31 44
9 36
67 15
41 99
57 49
45 84
30 93
57 71
12 23
72 95
0 37
10 29
48 58
32 63
22 20
78 54
17 50
0 33
48 78
18 55
25 49
36 0
54 12
75 52
65 70
53 18
36 11
41 72
21 46
58 63
24 99
43 80
17 7
74 33
13 86
61 92
69 81
66 78
45 8
29 83
87 38
75 3
57 58
41 97
33 86
65 53
92 49
67 59
52 27
85 38
26 26
67 24
47 67
34 19
50 10
71 12
51 81
34 30
76 11
50 76
79 5
24 73
67 9
88 40
52 65
81 77
34 13
72 3
26 94
70 89
2 66
3 34
82 1
1 95
40 52
81 69
67 18
1 23
50 35
29 60
98 22
9 20
7 20
55 46
24 5
10 72
13 96
87 94
40 79
76 89
99 80
91 37
59 14
11 38
38 92
55 33
19 19
40 7
78 11
64 16
100 13
45 13
41 13
30 47
8 99
58 68
23 74
85 71
72 22
58 10
65 37
34 6
79 76
41 98
45 50
77 30
72 18
46 40
11 59
8 59
41 4
73 32
70 97
36 74
14 13
52 56
70 95
44 57
77 71
90 73
21 25
52 72
53 39
52 82
18 11
32 82
56 70
56 17
83 99
5 37
90 79
39 31
58 15
81 90
39 42
67 76
78 91
37 91
62 1
45 10
55 92
51 94
60 29
51 76
28 62
71 61
13 28
15 50
78 48
70 55
34 76
89 31
45 97
43 61
37 47
60 19
76 75
48 21
79 81
79 13
85 48
2 34
42 77
27 49
22 9
72 12
80 10
79 39
26 14
29 16
86 38
69 97
98 6
32 45
37 46
25 76
52 20
38 82
34 15
3 54
74 26
3 40
55 11
89 67
62 32
27 14
86 78
27 26
56 12
30 70
88 66
49 69
46 51
6 49
13 2
34 72
51 38
27 18
47 76
60 31
6 29
71 82
44 5
58 78
75 69
7 64
38 61
44 39
37 67
94 65
74 75
34 44
31 29
68 57
14 57
59 70
20 25
91 76
91 56
48 63
43 15
13 60
74 88
36 12
8 0
54 45
28 92
71 5
0 77
36 22
14 7
80 14
65 73
91 32
95 87
99 72
96 17
93 50
2 77
82 60
44 76
11 63
36 85
4 99
36 76
29 93
48 98
93 3
13 82
57 86
44 98
52 48
39 27
43 99
88 45
17 19
21 57
94 13
71 66
62 42
94 12
78 23
42 45
8 50
62 12
16 86
41 37
79 21
5 54
68 12
19 15
40 64
56 68
26 5
10 40
21 22
52 61
25 38
84 43
50 3
20 38
15 96
60 60
74 70
72 70
10 59
71 20
50 22
27 12
17 99
65 49
93 75
48 54
89 80
65 67
17 82
51 19
97 84
60 37
90 86
9 27
76 66
24 10
32 42
19 32
86 1
24 96
72 71
12 82
79 99
37 93
8 78
73 65
31 58
27 10
58 90
94 42
41 53
19 66
72 37
37 15
43 42
97 18
21 100
64 29
36 77
87 84
60 43
84 96
83 39
62 50
55 85
65 15
66 26
67 91
51 25
48 4
5 20
7 58
17 49
65 41
18 36
100 1
24 80
98 74
22 21
51 37
99 51
53 46
79 98
85 55
95 96
66 63
28 26
48 95
19 50
96 44
6 81
89 53
51 16
31 20
17 40
21 51
99 84
7 73
8 4
30 76
14 88
89 73
61 78
18 31
74 24
41 70
20 28
63 36
77 79
74 90
61 81
45 51
72 26
6 6
12 73
79 18
49 34
4 47
24 40
32 7
83 59
12 9
62 8
0 25
55 14
86 91
22 10
27 55
23 18
49 26
71 88
16 89
53 70
15 14
6 31
35 37
72 51
4 26
98 64
91 74
8 95
20 99
19 26
42 29
68 47
20 20
49 99
21 65
35 48
87 51
85 59
38 73
58 59
1 72
5 84
30 6
50 67
39 96
56 11
68 33
44 36
35 19
14 94
33 25
28 65
32 39
56 49
20 71
44 82
39 100
78 14
30 97
61 83
55 53
70 46
52 47
14 31
38 16
76 62
2 91
24 36
61 80
78 2
1 55
40 29
67 43
96 78
